Scopus - Author details

,
,

"Author Name","Auth-ID","Number of Documents","Subject Area","Orc_ID"

"Khalili, Islam","24470007900","3","Biochemistry, Genetics and Molecular Biology
"
"Zamiri, Bardia","57207927049","3","Medicine
Biochemistry, Genetics and Molecular Biology
Immunology and Microbiology
Health Professions
"
"Zahraie, Niloofar","57225032237","1","Pharmacology, Toxicology and Pharmaceutics
"
"Shamsi, Anis","57203020861","3","Medicine
"
"PARAI, S. K.","57195125527","1","Medicine
"
"Soltani, Behnaz","57201460924","2","Biochemistry, Genetics and Molecular Biology
Medicine
Immunology and Microbiology
Pharmacology, Toxicology and Pharmaceutics
"
"Sigaroudi, Motahar O.","57193931722","1","Medicine
Pharmacology, Toxicology and Pharmaceutics
"
"Hoseini, Mojtaba","57195288719","2","Medicine
Engineering
"
"Sajadi, Seyed Vahid","57222718896","1","Medicine
"
"Gettner, Seyedeh M.M.","6701807700","13","Immunology and Microbiology
Medicine
Agricultural and Biological Sciences
"
"Bakhtiar, Nayer Mehdizad","57210561012","3","Immunology and Microbiology
Medicine
Agricultural and Biological Sciences
Veterinary
"
"Karimirad, Mahdieh","57222601370","1","Environmental Science
"
"Salahi, Ruhollah","57220237355","1","Medicine
"
"Sadeghipour Kermani, Fatemeh","56690548700","1","Medicine
"
"Habibi, Majid","57198280936","1","Medicine
"
"Khoshdel, Nika","57216937950","3","Medicine
Immunology and Microbiology
"
"Haghani, Masoud","36611560100","35","Neuroscience
Medicine
Biochemistry, Genetics and Molecular Biology
Pharmacology, Toxicology and Pharmaceutics
Environmental Science
Nursing
Health Professions
Chemical Engineering
Agricultural and Biological Sciences
","0000-0002-8225-6354"
"Pour, Fahime Gharaie","57209139528","1","Medicine
"
"Shahvaran, Reihaneh","57207259912","1","Health Professions
Pharmacology, Toxicology and Pharmaceutics
Social Sciences
"
"Khoshdel, Zahra","8593353300","17","Biochemistry, Genetics and Molecular Biology
Medicine
Pharmacology, Toxicology and Pharmaceutics
Neuroscience
Immunology and Microbiology
Psychology
Health Professions
Veterinary
Social Sciences
Chemistry
","0000-0003-2539-9997"
"Sadegh, Robab","56910016100","6","Medicine
Pharmacology, Toxicology and Pharmaceutics
"
"Rashidi, Sajad","57201295103","21","Medicine
Immunology and Microbiology
Agricultural and Biological Sciences
Biochemistry, Genetics and Molecular Biology
Veterinary
","0000-0002-4675-7274"
"Jalayer, T.","6603397232","6","Immunology and Microbiology
Medicine
Agricultural and Biological Sciences
Chemical Engineering
"
"Gorgizadeh, M.","57202610539","4","Biochemistry, Genetics and Molecular Biology
Medicine
Physics and Astronomy
Materials Science
Chemical Engineering
Engineering
Chemistry
"
"Hosseini, Zahra","57223014990","1","Medicine
Immunology and Microbiology
"
"Soleimani, Neda","57190134237","14","Medicine
Physics and Astronomy
Chemical Engineering
Chemistry
Computer Science
Social Sciences
Neuroscience
","0000-0003-0803-9818"
"Barekat, Ali Asghar","6506240923","1","Medicine
Biochemistry, Genetics and Molecular Biology
"
"Ghiasi, Moosa Rahimi","57225400311","1","Medicine
"
"Moradialamdarloo, Shaghayegh","57222054312","1","Medicine
"
"Habibi, Parvaneh","34768038300","6","Immunology and Microbiology
Medicine
"
"Bahar, K.","6603914892","1","Medicine
Immunology and Microbiology
"
"Sadeghi, P.","6603549828","1","Medicine
"
"Vafafar, Arghavan","57212834003","4","Immunology and Microbiology
Environmental Science
Medicine
"
"Rashidian, Bagher","7004101246","1","Medicine
"
"Hasanpour, Somayeh","57222350477","1","Medicine
"
"Hooshmand-Ardakani, Alireza","57219866377","1","Engineering
Materials Science
"
"Esfedan, Asieh Fatemi","57200542229","1","Medicine
Biochemistry, Genetics and Molecular Biology
"
"Williams, J. O.","57199292339","1","Medicine
"
"Emami-Ahari, Z.","6506269125","3","Medicine
Biochemistry, Genetics and Molecular Biology
"
"Akbari, Somaye","57224520122","1","Neuroscience
"
"Molayemat, Mohadeseh","57209502133","4","Biochemistry, Genetics and Molecular Biology
Medicine
Neuroscience
"
"Kakian, Farshad","57207989524","3","Medicine
Immunology and Microbiology
Biochemistry, Genetics and Molecular Biology
"
"Motallebi, Hasan","15757997400","2","Medicine
Neuroscience
"
"Afrasiabi, S. N.","57209371948","1","Medicine
Immunology and Microbiology
"
"Rahmanian, Rahil","57209416712","1","Medicine
"
"Shabani, Mahshad","57234945600","1","Medicine
"
"Rabbani, Hamed","57356937100","1","Medicine
Immunology and Microbiology
"
"Tatar, Mohsen","57190949798","12","Medicine
Biochemistry, Genetics and Molecular Biology
Chemistry
Pharmacology, Toxicology and Pharmaceutics
Agricultural and Biological Sciences
Nursing
Chemical Engineering
Computer Science
Environmental Science
Engineering
Physics and Astronomy
Neuroscience
"
"Karimi, Ali","57209243844","2","Medicine
Nursing
"
"Masoumi, Ladan","57216937937","1","Biochemistry, Genetics and Molecular Biology
Medicine
"
"Estakhri, Firoozeh","57215937047","4","Medicine
Immunology and Microbiology
Biochemistry, Genetics and Molecular Biology
Pharmacology, Toxicology and Pharmaceutics
Psychology
Dentistry
"
"Farsipur-Naghibi, M.","13009151400","1","Medicine
"
"Amir-Jahed, A. K.","7004627176","47","Medicine
Immunology and Microbiology
Biochemistry, Genetics and Molecular Biology
Pharmacology, Toxicology and Pharmaceutics
"
"Kamarloie, Sakineh","57190343412","1","Immunology and Microbiology
"
"Zahra, Amirghofran","57219401944","1","Medicine
"
"Parsanezhad, Mohammad Ebrahim","6701643360","75","Medicine
Biochemistry, Genetics and Molecular Biology
Immunology and Microbiology
Pharmacology, Toxicology and Pharmaceutics
Psychology
Nursing
Social Sciences
Health Professions
","0000-0003-2057-7758"
"Doostfatemeh, Marziyeh","55573393200","9","Medicine
Biochemistry, Genetics and Molecular Biology
Immunology and Microbiology
Mathematics
Pharmacology, Toxicology and Pharmaceutics
Psychology
","0000-0003-3073-2600"
"Rasooli, Rokhsana","57315870800","1","Multidisciplinary
"
"Mousavi, Seyedeh Zahra","57224679298","1","Medicine
Neuroscience
"
"Khademi, Faroogh","56049584800","2","Medicine
"
"Mokarram, A. T.","57208342756","1","Medicine
"
"Zokaian, Ali Reza","55375008900","1","Medicine
"
"Ghaffari, Ali","57197223232","1","Neuroscience
Medicine
"
"Zolghadr, Hassan","57219831028","1","Chemical Engineering
Chemistry
"
"Hebib, Ashkan","57211415176","1","Medicine
Biochemistry, Genetics and Molecular Biology
"
"Kalantar, Kurosh","57191876730","47","Medicine
Immunology and Microbiology
Biochemistry, Genetics and Molecular Biology
Pharmacology, Toxicology and Pharmaceutics
Environmental Science
Health Professions
Neuroscience
","0000-0002-9160-9449"
"Shoara, Ruhollah","56755297200","1","Medicine
"
"Zahiri, Shahla","54894994800","4","Medicine
Agricultural and Biological Sciences
Biochemistry, Genetics and Molecular Biology
Environmental Science
"
"Shafe, A.","57190984993","1","Medicine
Health Professions
Chemical Engineering
"
"Dana, Z.","6505663062","1","Medicine
"
"Youssef-Zayeh, Iris","16641610600","1","Pharmacology, Toxicology and Pharmaceutics
"
"Hosseini, S. K.","7103353268","1","Health Professions
Medicine
"
"Habibi, Hamzeh","57195276939","1","Medicine
Pharmacology, Toxicology and Pharmaceutics
"
"Sedaghat, Bahareh","57214260239","7","Immunology and Microbiology
Medicine
Biochemistry, Genetics and Molecular Biology
"
"Bahramvand, Yaser","57223124386","4","Medicine
"
"Shojaee, S.","6507353482","2","Medicine
"
"Naderi, Shahrbanoo","57204974309","2","Medicine
Immunology and Microbiology
"
"Shahidi, Hasan Ali","6603078432","2","Medicine
"
"Rezaei, Aliakbar","57220495721","2","Medicine
Immunology and Microbiology
"
"Chowdhury, Umayir","57216965393","4","Medicine
"
"Hoghoughi, N.","6505955736","1","Medicine
Immunology and Microbiology
"
"Shakouri, Najme","57204725707","1","Immunology and Microbiology
"
"Afsari, K.","57194972719","1","Medicine
"
"Ahmadi-Eslamloo, Hossein","57197734931","2","Medicine
Neuroscience
Biochemistry, Genetics and Molecular Biology
"
"Sodeiphy, M.","6504157460","1","Medicine
Immunology and Microbiology
"
"Bagheri, Azam","57219466251","1","Chemistry
"
"Kalafi, Euones","57220288728","1","Medicine
"
"Ravandeh, Mostafa","56845579300","2","Agricultural and Biological Sciences
Immunology and Microbiology
Medicine
Veterinary
"
"Naghmachi, Maryam","57221265454","1","Medicine
"
"Ahmad, A.","57199118167","1","Medicine
"
"Davari, Maryam","55857944600","9","Medicine
Biochemistry, Genetics and Molecular Biology
Health Professions
Immunology and Microbiology
"
"Rahimi, Elaheh","54890374400","1","Psychology
"
"Mottaghian, Hassan","6507894376","2","Medicine
"
"Salehi-Marzijarani, Mohammad","54893919700","16","Medicine
Nursing
Biochemistry, Genetics and Molecular Biology
Agricultural and Biological Sciences
Neuroscience
","0000-0002-2911-7662"
"Keshavarzi, Fatemeh","57223211969","3","Medicine
Biochemistry, Genetics and Molecular Biology
Neuroscience
Nursing
"
"Abarghooei, Ebrahim Fallahzadeh","57277579500","1","Pharmacology, Toxicology and Pharmaceutics
"
"Saysdi, Mehrab","57296385000","1","Medicine
"
"Mohammadkarimi, Vahid","57431009800","1","Multidisciplinary
"
"Asadi, Ali","36771172800","1","Medicine
"
"Iqbal, A. Aleem","57191929301","1","Medicine
Social Sciences
"
"Oftadehgan, Somayeh","57160501400","2","Medicine
Chemistry
"
"Oroji, Farideh","57210573272","1","Medicine
Neuroscience
"
"Sharafpour, Hengameh","57210320219","1","Biochemistry, Genetics and Molecular Biology
Immunology and Microbiology
Pharmacology, Toxicology and Pharmaceutics
"
"Moezi, Leila","6506132428","87","Medicine
Pharmacology, Toxicology and Pharmaceutics
Neuroscience
Biochemistry, Genetics and Molecular Biology
Immunology and Microbiology
Materials Science
Chemical Engineering
Agricultural and Biological Sciences
Chemistry
Engineering
Health Professions
Multidisciplinary
Arts and Humanities
Social Sciences
Computer Science
","0000-0002-6990-9138"
"Hashemizadeh, Zahra","37761574500","33","Medicine
Immunology and Microbiology
Biochemistry, Genetics and Molecular Biology
Pharmacology, Toxicology and Pharmaceutics
"
"Eshkevar Vakili, M.","57218577537","2","Medicine
Neuroscience
Biochemistry, Genetics and Molecular Biology
"
"Hajari, Fatemeh","55210863100","2","Pharmacology, Toxicology and Pharmaceutics
Social Sciences
"
"Taherzadeh, D.","6504395147","1","Medicine
Biochemistry, Genetics and Molecular Biology
"
"Mehrabianfar, Parisa","57218565136","1","Medicine
"
"Bozorgi, Hale","57280135800","1","Medicine
Immunology and Microbiology
Pharmacology, Toxicology and Pharmaceutics
Biochemistry, Genetics and Molecular Biology
Psychology
"
"Zoharizadeh, Mohammad Reza","26321257500","1","Medicine
"
"Tavakoli, Ramin","57194049296","7","Medicine
Biochemistry, Genetics and Molecular Biology
Pharmacology, Toxicology and Pharmaceutics
Environmental Science
"
"Showraki, Alireza","55541576200","7","Medicine
Immunology and Microbiology
Pharmacology, Toxicology and Pharmaceutics
Biochemistry, Genetics and Molecular Biology
Psychology
","0000-0002-7704-7187"
"Ashrafzadeh, Abdolsamad","35180904900","3","Medicine
"
"Rokni-Hosseini, Seyed Mohammad Hossein","57195994338","1","Medicine
"
"Perviz Kazemi, Asif","15136976700","1","Medicine
Immunology and Microbiology
Biochemistry, Genetics and Molecular Biology
Pharmacology, Toxicology and Pharmaceutics
Psychology
"
"Zare, Razieh","57205429835","5","Medicine
Chemical Engineering
Biochemistry, Genetics and Molecular Biology
Nursing
Pharmacology, Toxicology and Pharmaceutics
Health Professions
"
"Razmkhah, Mahboobeh","8663943800","67","Medicine
Biochemistry, Genetics and Molecular Biology
Immunology and Microbiology
Pharmacology, Toxicology and Pharmaceutics
Engineering
Dentistry
Psychology
Health Professions
Physics and Astronomy
Materials Science
Chemical Engineering
"
"Tavakoli, Ali","57430852600","2","Medicine
"
"Amirian, Ali","57254560200","1","Medicine
Social Sciences
"
"Rahpeyma, J.","57200072786","1","Physics and Astronomy
Engineering
Materials Science
Energy
"
"Ferguson, Bryce","36100984000","1","Medicine
"
"Molavi, Abdolghader","57212276321","5","Medicine
Pharmacology, Toxicology and Pharmaceutics
"
"Hosseini-Asl, Seyed Kazem","57246822000","1","Medicine
"
"Assadi, Shahabaddin","57222183739","1","Pharmacology, Toxicology and Pharmaceutics
"
"Hatam, Z.","57209469442","1","Medicine
Immunology and Microbiology
"
"Sattarahmady, Naghmeh","6506613024","114","Biochemistry, Genetics and Molecular Biology
Materials Science
Chemistry
Medicine
Physics and Astronomy
Engineering
Chemical Engineering
Pharmacology, Toxicology and Pharmaceutics
Health Professions
Immunology and Microbiology
Environmental Science
Agricultural and Biological Sciences
Multidisciplinary
","0000-0002-9872-4423"
"Mansourabadi, Zahra","57200208666","2","Medicine
Biochemistry, Genetics and Molecular Biology
"
"Mortazavifar, Nasrin","57258481900","1","Medicine
"
"Malakooti, H.","57203837930","1","Health Professions
Medicine
Chemical Engineering
"
"Salimi, Maryam","57414934200","1","Medicine
"
"Nasr, Khosrow","7004187724","19","Medicine
Immunology and Microbiology
Biochemistry, Genetics and Molecular Biology
Agricultural and Biological Sciences
Environmental Science
Chemical Engineering
"
"Bagheri, Zohreh","55881469100","5","Biochemistry, Genetics and Molecular Biology
Medicine
Pharmacology, Toxicology and Pharmaceutics
Immunology and Microbiology
Nursing
Chemistry
"
"Salles, M. S.Shahid","7006638375","5","Medicine
Biochemistry, Genetics and Molecular Biology
Neuroscience
"
"Shahraki, Parisa Khodabandeh","57201469711","1","Medicine
Immunology and Microbiology
"
"Eraghi, Koorosh","35242370100","1","Medicine
Immunology and Microbiology
"
"Kaveh, A.","57219401749","1","Engineering
Earth and Planetary Sciences
"
"Shiravani, Zahra","57199523808","13","Medicine
Pharmacology, Toxicology and Pharmaceutics
Economics, Econometrics and Finance
Biochemistry, Genetics and Molecular Biology
","0000-0001-5796-2954"
"Sanaei, Neda","57209990836","2","Medicine
Biochemistry, Genetics and Molecular Biology
"
"Tabei, Seyed Mohammad Bagher","57402275600","1","Medicine
"
"Namazi, Niloofar","57206238304","9","Medicine
Nursing
Social Sciences
Biochemistry, Genetics and Molecular Biology
Neuroscience
","0000-0002-9993-6209"
"Heidarzadegan, Amir Reza","57218541390","2","Neuroscience
"
"Etemadi, Abbas A.","7004686552","11","Medicine
Biochemistry, Genetics and Molecular Biology
Neuroscience
"
"Charagozlou Hamadani, H.","6504192485","1","Medicine
"
"Afkar, M. Daghigh","57226882143","1","Dentistry
"
"Montoya, M. Felipe","7006665704","2","Medicine
Mathematics
Biochemistry, Genetics and Molecular Biology
Decision Sciences
"
"Hadjmohammadi, M.","6603181602","1","Medicine
"
"Darijani, Atefeh","57410698600","1","Medicine
Immunology and Microbiology
"
"Abedi, Zabihollah","56549841600","1","Medicine
"
"Akbari, Mohammadreza","57219710749","1","Medicine
Immunology and Microbiology
"
"Fard, Sara Rowghani Haghighi","57191668855","2","Pharmacology, Toxicology and Pharmaceutics
"
"Nazsabet, Farah","56806930900","1","Medicine
"
"Peyravi, Golnaz","57207245993","1","Health Professions
Social Sciences
Pharmacology, Toxicology and Pharmaceutics
"
"Cheraghi, Mohammad Reza","57207930001","3","Medicine
Biochemistry, Genetics and Molecular Biology
Immunology and Microbiology
Health Professions
"
"Barani, Shaghik","57200557735","11","Medicine
Biochemistry, Genetics and Molecular Biology
Immunology and Microbiology
Multidisciplinary
Veterinary
","0000-0003-1217-1627"
"Amiri, Ahmad","56567669800","8","Medicine
Biochemistry, Genetics and Molecular Biology
Immunology and Microbiology
Nursing
Chemical Engineering
Pharmacology, Toxicology and Pharmaceutics
Psychology
"
"Khazaei, Meisam","57223105607","2","Immunology and Microbiology
Pharmacology, Toxicology and Pharmaceutics
"
"Eghbal, Keyvan","56255691300","12","Medicine
Neuroscience
Nursing
","0000-0001-6185-8367"
"Jahangir, Mahboubeh","57197810110","1","Medicine
Biochemistry, Genetics and Molecular Biology
"
"Khoshkharam-Roodmajani, Hossein","56401053600","3","Medicine
Immunology and Microbiology
"
"Rezvan, A. R.","6507137517","1","Medicine
"
"Jahromi, Shahrokh Ezzatzadegan","57371032600","1","Medicine
"
"Baharampour, Helen","57216968223","1","Medicine
Biochemistry, Genetics and Molecular Biology
"
"Monjazeb, Raha","57214333726","1","Medicine
"
"Zare, Yasmin","57201474066","1","Medicine
Immunology and Microbiology
"
"Lotfi, Mahnaz","57201384690","1","Medicine
"
"Godarzi, Esmaeil Moazemi","50261504500","1","Medicine
"
"Vaghefikia, A.","23568803000","1","Medicine
Immunology and Microbiology
Pharmacology, Toxicology and Pharmaceutics
Biochemistry, Genetics and Molecular Biology
Psychology
"
"Fazelian-Dehkordi, Khatereh","57223997775","1","Medicine
Immunology and Microbiology
Biochemistry, Genetics and Molecular Biology
Pharmacology, Toxicology and Pharmaceutics
Psychology
"
"Najarzadeh, E.","6505575274","1","Medicine
"
"Rastegar, Mohsen","57220400591","1","Medicine
Biochemistry, Genetics and Molecular Biology
"
"Zahedani, Zahra Zahed","57208243378","1","Health Professions
Pharmacology, Toxicology and Pharmaceutics
Social Sciences
"
"Zekavat, Seyed Yahya","7004189727","3","Biochemistry, Genetics and Molecular Biology
Medicine
Agricultural and Biological Sciences
Chemical Engineering
"
"Shahabadi, Shahrbanou Naderi","57190073146","1","Medicine
Immunology and Microbiology
"
"Rahmanian, Abodolkarim","6508308715","25","Medicine
Agricultural and Biological Sciences
Immunology and Microbiology
Multidisciplinary
Environmental Science
Biochemistry, Genetics and Molecular Biology
Veterinary
Neuroscience
"
"Homayoun, Maryam","57189896189","20","Medicine
Neuroscience
Psychology
"
"Haddadi, Mahtab","57216749647","1","Chemistry
"
"Zaraei, Afshin","57218439049","1","Immunology and Microbiology
Medicine
Veterinary
"
"Mansouri, S.","36507185300","1","Medicine
Mathematics
Biochemistry, Genetics and Molecular Biology
Decision Sciences
"
"Pourshirazi, Zahra Sanaeian","57090952800","1","Medicine
Dentistry
"
"Youssefi, A.","6506795566","1","Medicine
"
"Hedayatee, Hadee","7801445937","2","Medicine
"
"Jahvani, F. Arab","8513749100","1","Medicine
Immunology and Microbiology
Biochemistry, Genetics and Molecular Biology
Pharmacology, Toxicology and Pharmaceutics
Psychology
"
"Ketabchi, Farzaneh","6504360921","18","Medicine
Biochemistry, Genetics and Molecular Biology
Pharmacology, Toxicology and Pharmaceutics
Immunology and Microbiology
Agricultural and Biological Sciences
Psychology
","0000-0002-1157-3299"
"Behbudnia, Tuba","57212202431","1","Medicine
"
"Sarnevesht, Jamshid","36523990900","1","Agricultural and Biological Sciences
Veterinary
"
"Ayoobzadehshirazi, Anaheed","56317047800","3","Medicine
Neuroscience
"
"Taraz, H.","55703551600","1","Medicine
"
"Sabzi, Amaneh","55404013000","1","Medicine
"
"Shajari, Neda","57188969677","11","Pharmacology, Toxicology and Pharmaceutics
Biochemistry, Genetics and Molecular Biology
Medicine
Engineering
"
"Kanannejad, Zeinab","57216411896","1","Medicine
"
"Mili, Sajad","57210851580","2","Medicine
"
"Khorraminejad-Shirazi, Mohammadhossein","57196297909","8","Medicine
Biochemistry, Genetics and Molecular Biology
Mathematics
Neuroscience
Immunology and Microbiology
Multidisciplinary
Agricultural and Biological Sciences
"
"Nayeri Kaman, G. D.","6506611432","1","Medicine
"
"Ghamar Talepoor, Atefe","57194156475","9","Medicine
Biochemistry, Genetics and Molecular Biology
Pharmacology, Toxicology and Pharmaceutics
Immunology and Microbiology
"
"Homayounee, Kaynoosh","57195323876","1","Medicine
"
"Sepaskhah, Roushank","24503651300","1","Medicine
"
"Tafti, Farima Fallah","57221375728","2","Medicine
"
"Jafari, Seyed Hamed","55488984000","16","Medicine
Biochemistry, Genetics and Molecular Biology
Health Professions
","0000-0001-5364-2566"
"Mirchi, M.","16679604900","1","Medicine
"
"Ahmadi, Meysam","57211444329","2","Biochemistry, Genetics and Molecular Biology
Medicine
Immunology and Microbiology
"
"Zarei, Maryam","57211319737","2","Medicine
Pharmacology, Toxicology and Pharmaceutics
"
"Mehdipour, Fatemeh","56378397200","2","Materials Science
Physics and Astronomy
Chemical Engineering
Engineering
Mathematics
Chemistry
Computer Science
"
"Entezam, Mona","29067627100","16","Biochemistry, Genetics and Molecular Biology
Medicine
Immunology and Microbiology
Neuroscience
Pharmacology, Toxicology and Pharmaceutics
Mathematics
Engineering
Psychology
Chemical Engineering
Chemistry
","0000-0002-2608-464X"
"Hassani, Amir Hossein","57191845125","3","Medicine
Environmental Science
","0000-0003-1510-2483"
"Karbasi, Sareh","55507949300","15","Medicine
Biochemistry, Genetics and Molecular Biology
Health Professions
Physics and Astronomy
Engineering
Chemical Engineering
"
"Rasti, Ali","56951029800","9","Medicine
Psychology
Social Sciences
Neuroscience
"
"Firouzjaei, Maryam Arab","55951357600","7","Biochemistry, Genetics and Molecular Biology
Medicine
Neuroscience
Pharmacology, Toxicology and Pharmaceutics
","0000-0002-9449-4026"
"Azimi, Tayebeh","55516329300","3","Biochemistry, Genetics and Molecular Biology
Medicine
Immunology and Microbiology
Chemical Engineering
Engineering
"
"Moein-Vaziri, Najmeh","55886927400","6","Medicine
Biochemistry, Genetics and Molecular Biology
"
"Akmali, Masoumeh","35742957600","14","Medicine
Pharmacology, Toxicology and Pharmaceutics
Biochemistry, Genetics and Molecular Biology
Immunology and Microbiology
Chemical Engineering
Engineering
Veterinary
"
"Gharacheh, Houshang Ranjbar","6504292468","1","Medicine
"
"Khordshami, Marzieh Alikhani","57215821942","1","Medicine
Immunology and Microbiology
"
"Zerehsaz, H.","6503990034","1","Medicine
"
"Karimaghaei, Nazanin","57220248873","1","Medicine
Immunology and Microbiology
Pharmacology, Toxicology and Pharmaceutics
Biochemistry, Genetics and Molecular Biology
Psychology
"
"Ahmadi, Pardis","57218904914","1","Medicine
"
"Tavan, Atefeh","57220901794","1","Medicine
"
"Sar, M. S.","35823114200","1","Medicine
"
"Hosseini, Seyed Mohammad Hossein Rokni","56727425700","1","Medicine
"
"Maryam, Yazdani","24825118600","1","Medicine
"
"Doostkam, Aida","54879353700","10","Medicine
Agricultural and Biological Sciences
Immunology and Microbiology
Pharmacology, Toxicology and Pharmaceutics
Environmental Science
","0000-0003-3348-573X"
"Ahmadi, Moslem","57210250913","8","Medicine
Immunology and Microbiology
","0000-0001-5220-859X"
"Khorami, Farideh","56422431900","2","Medicine
"
"Ghadiri, Pooria","56516910100","1","Medicine
Immunology and Microbiology
"
"Ashrafmansori, Majid","56269876000","1","Medicine
Immunology and Microbiology
"
"Sanaee, Shahrzad","57195322530","1","Medicine
"
"Roozbehi, Hooman","6504613580","1","Medicine
Biochemistry, Genetics and Molecular Biology
"
"Moshksar, Shadi","57418215200","1","Medicine
"
"Vakili, Seyyede Nafise","57219230212","1","Engineering
Physics and Astronomy
"
"Iraniparast, Alireza","36477471200","2","Medicine
Biochemistry, Genetics and Molecular Biology
"
"Sabeghi, Paniz","57419905900","1","Medicine
Immunology and Microbiology
"
"Hassanzadeh, Yashgin","56781374600","3","Medicine
Immunology and Microbiology
Pharmacology, Toxicology and Pharmaceutics
"
"Mohammadi, H.","57439270700","1","Medicine
"
"Monajati, A.","56958798200","1","Medicine
"
"Ebrahimi, Sepideh","57194834895","7","Immunology and Microbiology
Medicine
Agricultural and Biological Sciences
Veterinary
"
"Elmi, Hamidreza","57201644038","1","Medicine
"
"Mafinezad, Asghar","6504056940","1","Medicine
Biochemistry, Genetics and Molecular Biology
"
"Ghaedi, Meisam","57217022272","1","Immunology and Microbiology
Biochemistry, Genetics and Molecular Biology
"
"Shirazi, Reza Mousavi","57205245068","1","Medicine
"
"Hossieni, Seyed Abdolreza","57222386625","1","Medicine
Immunology and Microbiology
Biochemistry, Genetics and Molecular Biology
Pharmacology, Toxicology and Pharmaceutics
Psychology
"
"Torfehnezhad, Parnia","56117005700","1","Medicine
"
"Parsaei, Hossein","35747009200","38","Engineering
Medicine
Computer Science
Biochemistry, Genetics and Molecular Biology
Chemical Engineering
Health Professions
Physics and Astronomy
Neuroscience
Psychology
Social Sciences
Earth and Planetary Sciences
Chemistry
","0000-0003-1052-8434"
"Taghrir, Mohammad Hossein","57216339729","14","Medicine
Pharmacology, Toxicology and Pharmaceutics
Biochemistry, Genetics and Molecular Biology
Agricultural and Biological Sciences
Business, Management and Accounting
Social Sciences
Nursing
"
"Eftekhari, Ali","57209700281","1","Medicine
"
"Mashhoody, Tahereh","55546635100","2","Pharmacology, Toxicology and Pharmaceutics
"
"Taghi, Erfan","57216930237","1","Biochemistry, Genetics and Molecular Biology
"
"Yazdani, Malihe","57193821245","1","Immunology and Microbiology
Medicine
Pharmacology, Toxicology and Pharmaceutics
"
"Rastkar, Gh","57191014033","1","Medicine
"
"Khorrami, Hamid Reza","57196277282","2","Medicine
"
"Ghaemma-Ghami, P.","57220199804","1","Health Professions
Medicine
Chemical Engineering
"
"Ayazi, Shahraini","36908616400","1","Medicine
"
"Bagheri, F.","57200903127","1","Health Professions
"
"Salemi, Amir Masoud","57221689503","4","Immunology and Microbiology
Medicine
Veterinary
","0000-0002-8102-8376"
"Jamali, F.","57200072169","1","Physics and Astronomy
Engineering
Energy
Materials Science
"
"Saghanezhad, Seyed Mohammad","57202831775","2","Medicine
Immunology and Microbiology
Biochemistry, Genetics and Molecular Biology
"
"Nader, K.","7004260678","1","Medicine
Immunology and Microbiology
"
"Moeini, Mohsen","57359486900","1","Medicine
"
"Rakhsha, Abbas","57219298673","3","Medicine
","0000-0001-9561-9874"
"Gholmoghaddam, Hossein","36924951900","1","Pharmacology, Toxicology and Pharmaceutics
Immunology and Microbiology
Medicine
"
"Ghaed-Sharaf, Mehrnoosh","57416119100","1","Psychology
"
"Nowrouzi-Sohrabi, Peyman","57217045147","22","Medicine
Biochemistry, Genetics and Molecular Biology
Pharmacology, Toxicology and Pharmaceutics
Chemistry
Nursing
Agricultural and Biological Sciences
"
"Izadpanah, Ensieh","57189221916","2","Medicine
"
"Asadi, M.","56116728900","1","Medicine
"
"Momeni, Farideh","57215717819","6","Physics and Astronomy
Medicine
Health Professions
Multidisciplinary
Biochemistry, Genetics and Molecular Biology
"
"Williams, Kathleen N.","56968525900","3","Medicine
"
"Arasteh, M.","57220058885","1","Medicine
Biochemistry, Genetics and Molecular Biology
"
"Sanadizadeh, M.","57209923624","1","Medicine
"
"Alami, Arash","57429315200","1","Materials Science
Biochemistry, Genetics and Molecular Biology
Chemical Engineering
Engineering
Chemistry
"
"Rahimi, Mahshid","57225148468","1","Medicine
"
"Hakimi, Azadeh","57220603053","1","Pharmacology, Toxicology and Pharmaceutics
"
"Habibagahi, Mojtaba","6504345735","34","Medicine
Biochemistry, Genetics and Molecular Biology
Immunology and Microbiology
Pharmacology, Toxicology and Pharmaceutics
Psychology
"
"SoukhakLari, Roksana","57199199321","15","Pharmacology, Toxicology and Pharmaceutics
Arts and Humanities
Social Sciences
Neuroscience
Medicine
Biochemistry, Genetics and Molecular Biology
Engineering
Chemical Engineering
Agricultural and Biological Sciences
","0000-0001-5364-8458"
"Mahmoodi, Mozhgan","56399108700","2","Medicine
Multidisciplinary
"
"Salmannjad, Mahin","57203249532","1","Biochemistry, Genetics and Molecular Biology
Immunology and Microbiology
Pharmacology, Toxicology and Pharmaceutics
"
"Mohammadi, Zahra","57225108842","1","Biochemistry, Genetics and Molecular Biology
Medicine
"
"Hajizadegan, Nemattellah","57219358379","1","Medicine
"
"Rowghani, S.","55560775300","1","Agricultural and Biological Sciences
Veterinary
"
"Arar, Amr","57203713493","1","Medicine
"
"Zareshahrabadi, Zahra","57211797911","21","Medicine
Immunology and Microbiology
Biochemistry, Genetics and Molecular Biology
Pharmacology, Toxicology and Pharmaceutics
Environmental Science
Agricultural and Biological Sciences
Chemistry
Health Professions
Engineering
Psychology
Veterinary
Dentistry
Physics and Astronomy
Materials Science
","0000-0003-0314-7502"
"Amirmoezzi, Yalda","57204187461","3","Medicine
Engineering
Physics and Astronomy
Biochemistry, Genetics and Molecular Biology
"
"Mendonca, Chelsea","57203714344","1","Medicine
"
"Nikfarjam, Farzaneh","55534913600","2","Biochemistry, Genetics and Molecular Biology
Medicine
"
"Rashidi, Sama","57216363851","2","Medicine
Immunology and Microbiology
"
"Bakhshaie, Pardis","57193773785","2","Medicine
"
"Foroozani, Somayeh","57225110096","1","Medicine
Biochemistry, Genetics and Molecular Biology
"
"Maryam, Bahmani Jahromi","57219097286","1","Computer Science
Social Sciences
"
"Keshavarz, Amirhesam","57211526019","1","Biochemistry, Genetics and Molecular Biology
Medicine
"
"Fallahi, Farzaneh","57225337632","1","Medicine
"
"Mikaeili, Fattaneh","16646856900","31","Medicine
Immunology and Microbiology
Veterinary
Environmental Science
Agricultural and Biological Sciences
Biochemistry, Genetics and Molecular Biology
Social Sciences
","0000-0002-6006-5485"
"Helali, Helia","57202927634","1","Medicine
Pharmacology, Toxicology and Pharmaceutics
"
"Homayoun, H.","57170131600","1","Agricultural and Biological Sciences
Veterinary
"
"Sotoudeh, Narges","57215141324","5","Medicine
Neuroscience
Biochemistry, Genetics and Molecular Biology
Agricultural and Biological Sciences
Nursing
"
"Bahri, Ayesheh","45761032200","1","Medicine
"
"Esmaeilpour, Tahereh","12792634800","20","Medicine
Biochemistry, Genetics and Molecular Biology
Pharmacology, Toxicology and Pharmaceutics
Immunology and Microbiology
Psychology
Neuroscience
Environmental Science
Dentistry
Multidisciplinary
","0000-0003-1001-6295"
"Shahabi, Amene","57197818216","1","Medicine
Biochemistry, Genetics and Molecular Biology
"
"Hosseini, Marzieh","57224573935","4","Medicine
Biochemistry, Genetics and Molecular Biology
Immunology and Microbiology
Pharmacology, Toxicology and Pharmaceutics
Psychology
"
"Rafiezade, Amin","57191847986","1","Engineering
Mathematics
Computer Science
"
"Foroughi, Amin Abolhasan","57300531000","1","Medicine
"
"Jahromi, Leila Razeghian","57224483278","1","Immunology and Microbiology
Biochemistry, Genetics and Molecular Biology
"
"Daneshmand, Ehasan","57189379966","1","Medicine
"
"Fathpour, Gholamreza","57188679300","8","Medicine
Biochemistry, Genetics and Molecular Biology
Immunology and Microbiology
"
"Kord, Mohammad","57194108168","18","Medicine
Immunology and Microbiology
Biochemistry, Genetics and Molecular Biology
Nursing
Pharmacology, Toxicology and Pharmaceutics
Agricultural and Biological Sciences
Health Professions
Veterinary
"
"Sharifi Lari, Milad","57208469615","2","Medicine
Immunology and Microbiology
Biochemistry, Genetics and Molecular Biology
"
"Sani, Farnaz","57202646535","1","Engineering
Materials Science
"
"Hoseini, Mohammad Ali","55371836000","1","Medicine
Immunology and Microbiology
"
"Azadeh, Bahram","57213499369","6","Medicine
Biochemistry, Genetics and Molecular Biology
"
"Alidadi Soleimani, Abootaleb","57208015425","1","Medicine
Biochemistry, Genetics and Molecular Biology
"
"Maleki, Setareh","57226527902","1","Biochemistry, Genetics and Molecular Biology
Agricultural and Biological Sciences
Medicine
"
"Abbasi, Ghasem","56897058500","1","Medicine
"
"Salehi, Fatemeh","57209023385","5","Medicine
Biochemistry, Genetics and Molecular Biology
Materials Science
Engineering
Physics and Astronomy
Pharmacology, Toxicology and Pharmaceutics
Health Professions
"
"Naini, Mahvash Alizade","57396637300","1","Medicine
"
"Karimian, Hajar","56175827000","6","Medicine
"
"Tavasoli, M.","57188768072","1","Medicine
"
"Seghatoleslam, Atefeh","25927546800","30","Medicine
Biochemistry, Genetics and Molecular Biology
Immunology and Microbiology
Pharmacology, Toxicology and Pharmaceutics
Psychology
Veterinary
Agricultural and Biological Sciences
Arts and Humanities
Multidisciplinary
Neuroscience
","0000-0002-8277-6608"
"Sheikhi Ghayur, Elham","57190061382","2","Medicine
Biochemistry, Genetics and Molecular Biology
"
"Kadivar, Ali Akbaar","57217357274","1","Nursing
Medicine
Social Sciences
"
"Sedighi, Mahsa","56073109800","4","Medicine
"
"Zarifkar, Amir Hossein","57436746400","1","Neuroscience
"
"Gholami, Zahra","57016571900","1","Medicine
"
"Bahramian, Abbas","57189622471","1","Neuroscience
"
"Pour, Amin Rasti","57224000575","1","Medicine
Immunology and Microbiology
Biochemistry, Genetics and Molecular Biology
Pharmacology, Toxicology and Pharmaceutics
Psychology
"
"Arasteh, B.","6504168531","1","Medicine
"
"Khalafi-Nezhad, Abolfazl","56120122600","7","Medicine
Physics and Astronomy
Health Professions
Biochemistry, Genetics and Molecular Biology
","0000-0001-8762-9837"
"Russell, S. S.","55429279700","1","Medicine
"
"Ghorbani, Fariba","57207932494","10","Medicine
Immunology and Microbiology
Biochemistry, Genetics and Molecular Biology
Health Professions
Veterinary
"
"Matavos-Aramyan, Hedieh","57193346835","4","Biochemistry, Genetics and Molecular Biology
Medicine
Engineering
Materials Science
Earth and Planetary Sciences
Environmental Science
Physics and Astronomy
Chemical Engineering
Agricultural and Biological Sciences
"
"Aslani, Arsalan","57238964700","1","Medicine
Biochemistry, Genetics and Molecular Biology
"
"Amiri, Farshid","57222001670","3","Pharmacology, Toxicology and Pharmaceutics
Materials Science
Biochemistry, Genetics and Molecular Biology
Agricultural and Biological Sciences
Medicine
","0000-0001-6623-0026"
"Firoozian, Nasrin","57195333623","2","Medicine
Agricultural and Biological Sciences
Veterinary
"
"Shomali, Zahra","57195559065","4","Medicine
Biochemistry, Genetics and Molecular Biology
"
"Bahmyari, Robab","57221048879","2","Environmental Science
Engineering
Agricultural and Biological Sciences
"
"Ghafaripour, S.","35757346400","2","Medicine
"
"Doroudchi, Mehrnoosh","55912898400","81","Medicine
Biochemistry, Genetics and Molecular Biology
Immunology and Microbiology
Pharmacology, Toxicology and Pharmaceutics
Agricultural and Biological Sciences
Health Professions
Veterinary
Psychology
Chemistry
Neuroscience
","0000-0003-4067-5400"
"Hesampour, Fatemeh","57207489688","4","Medicine
"
"Alirezaei, Roya","57203888415","1","Immunology and Microbiology
"
"Mobasher, Nazanin","57202514056","1","Pharmacology, Toxicology and Pharmaceutics
"
"Shabaniyan, Tayyebe","57210115097","1","Physics and Astronomy
Engineering
Medicine
Biochemistry, Genetics and Molecular Biology
"
"Sarvestani, Fatemeh Edalati","57218921666","1","Biochemistry, Genetics and Molecular Biology
Immunology and Microbiology
Pharmacology, Toxicology and Pharmaceutics
"
"Sheykhi, Sahar","57210117036","2","Medicine
Immunology and Microbiology
"
"Mansourzadeh, A.","6504679339","1","Medicine
"
"Narjes, Seyyedeh","57410338900","1","Medicine
"
"Torabi, Somayyeh","57226244756","2","Medicine
Neuroscience
Biochemistry, Genetics and Molecular Biology
"
"Heshmati, Keyvan","57208028711","1","Chemistry
Biochemistry, Genetics and Molecular Biology
"
"Shegefti, Mohammad Sohrabi","57015455900","1","Medicine
"
"Haghighi, Alireza","55963620200","1","Medicine
Psychology
"
"Pour, Michel Shamoon","22935480000","2","Medicine
Immunology and Microbiology
"
"Habib, Ashkan","57209502592","4","Biochemistry, Genetics and Molecular Biology
Medicine
Neuroscience
"
"Ghoddusi-Johari, Hamed","15831819200","49","Medicine
Immunology and Microbiology
Biochemistry, Genetics and Molecular Biology
","0000-0003-0135-6570"
"Shakeri, S.","57220373650","1","Medicine
"
"Bavarsad Ahmadpour, Niloofar","57160107200","2","Medicine
Immunology and Microbiology
"
"Gerami, Hamid","57015275300","1","Agricultural and Biological Sciences
Medicine
Neuroscience
Biochemistry, Genetics and Molecular Biology
"
"Amirsalari, Leila","57211311627","1","Arts and Humanities
Social Sciences
Computer Science
"
"Rasulnia, N.","36507506900","1","Medicine
Mathematics
Decision Sciences
Biochemistry, Genetics and Molecular Biology
"
"Leila, Salarian","57219568825","1","Medicine
"
"Giti, Rahil","23975866200","5","Medicine
Health Professions
"
"Sanaee, Reyhaneh","57208319276","1","Materials Science
"
"Arjmand, Farzaneh","6603631115","2","Medicine
"
"Hafezi, Hossein","56888844900","1","Medicine
Biochemistry, Genetics and Molecular Biology
"
"Askarian, Amin","57201852644","1","Materials Science
Physics and Astronomy
Medicine
"
"Jahangiri, Samira","57194614062","7","Biochemistry, Genetics and Molecular Biology
Medicine
Pharmacology, Toxicology and Pharmaceutics
Neuroscience
"
"Randjbar, Sh Fallah","6504505016","1","Medicine
Immunology and Microbiology
Biochemistry, Genetics and Molecular Biology
Pharmacology, Toxicology and Pharmaceutics
Psychology
"
"Yazdi, A. Mirzadeh","57213464073","1","Medicine
"
"Riazi, M. M.","36856806700","1","Medicine
"
"Maryam, Alamdari","57189349835","1","Immunology and Microbiology
Biochemistry, Genetics and Molecular Biology
"
"Khalilia, Eslam","56685683500","1","Biochemistry, Genetics and Molecular Biology
Medicine
"
"Naderifar, Mehdi","15048581000","3","Medicine
Biochemistry, Genetics and Molecular Biology
"
"Vessal, Mahmoud","6603773712","2","Biochemistry, Genetics and Molecular Biology
Medicine
"
"Hosseini, Farshad","57192697052","2","Medicine
Immunology and Microbiology
"
"Sajedi Khanian, Mahdi","57188928846","2","Medicine
Biochemistry, Genetics and Molecular Biology
Immunology and Microbiology
Health Professions
","0000-0002-5050-7673"
"Haghkshanas, Mansour","6505519195","1","Medicine
Biochemistry, Genetics and Molecular Biology
"
"Sisakht, Mohsen","57194640582","9","Biochemistry, Genetics and Molecular Biology
Pharmacology, Toxicology and Pharmaceutics
Medicine
Immunology and Microbiology
Chemistry
Computer Science
Materials Science
Health Professions
"
"Niakan, Andisheh","57211264673","1","Biochemistry, Genetics and Molecular Biology
Immunology and Microbiology
"
"Yeganeh, Fahimeh","55152682100","6","Neuroscience
Medicine
Biochemistry, Genetics and Molecular Biology
","0000-0001-5244-8892"
"Mostafavy, H.","6504325535","1","Medicine
"
"Ahmadpour, Fatemeh","57283357400","5","Biochemistry, Genetics and Molecular Biology
Medicine
"
"Safaei, Negar","57237024400","2","Medicine
"
"Kherad, Zahra","57211608523","1","Medicine
"
"Farnoosh, Z.","6504292629","1","Medicine
"
"Saberfirozi, M.","12770287900","1","Medicine
"
"Kazemi, H.","7102412456","1","Medicine
Biochemistry, Genetics and Molecular Biology
"
"Soltani, Mohammadreza","56549575900","6","Medicine
Immunology and Microbiology
Biochemistry, Genetics and Molecular Biology
"
"Hosseini, Kan'an","6701857769","1","Medicine
"
"Morshedzadeh, Azade","57222633755","1","Medicine
"
"Rahimi Ghiasi, Moosa","55821954500","1","Biochemistry, Genetics and Molecular Biology
Immunology and Microbiology
"
"Pedramfard, Pegah","57282981100","1","Medicine
"
"Daneshvar, Fatemeh","57209027472","5","Medicine
Biochemistry, Genetics and Molecular Biology
Materials Science
Engineering
Physics and Astronomy
Pharmacology, Toxicology and Pharmaceutics
Health Professions
"
"Pezeshki, Cyrus","6602860827","6","Medicine
"
"Akbarabadi, Sara Amini","57215818146","1","Medicine
Immunology and Microbiology
"
"Mohagheghzadeh, Neda","57218659193","1","Biochemistry, Genetics and Molecular Biology
"
"Imran, Shah","56272874500","1","Medicine
"
"Lahsaei, M.","35757731800","1","Medicine
"
"Yazdanpanah, Somayeh","57202543293","6","Biochemistry, Genetics and Molecular Biology
Chemistry
Pharmacology, Toxicology and Pharmaceutics
Immunology and Microbiology
Materials Science
Chemical Engineering
Medicine
"
"Alavi, Khalil","7004340639","3","Medicine
"
"Roushenas, Sima","57330691000","1","Social Sciences
Business, Management and Accounting
"
"Gharib, Reza","6602509069","18","Medicine
Immunology and Microbiology
Neuroscience
"
"Tabatabaei, Ameer Hussein","55210369500","1","Medicine
"
"Fazelzadeh, Arezou","57218511033","1","Medicine
"
"Mehrabi Sisakht, Farhad","57191477568","1","Medicine
Immunology and Microbiology
"
"Zanganeh, Sareh","57221325055","2","Medicine
Biochemistry, Genetics and Molecular Biology
Immunology and Microbiology
Chemistry
"
"Dehaghani, Alamtaj Samsami","57131517300","22","Medicine
Biochemistry, Genetics and Molecular Biology
Immunology and Microbiology
"
"Semsar-Kazerooni, Maryam","57189709394","2","Medicine
Agricultural and Biological Sciences
"
"Mortazavi, Seyed Ali Reza","57208414320","25","Medicine
Health Professions
Chemical Engineering
Biochemistry, Genetics and Molecular Biology
Earth and Planetary Sciences
Engineering
Immunology and Microbiology
Pharmacology, Toxicology and Pharmaceutics
"
"Hematian Larki, Marjan","57220109500","1","Immunology and Microbiology
Medicine
Biochemistry, Genetics and Molecular Biology
"
"Mehdizadegan, Nima","56305227800","27","Medicine
","0000-0001-6538-1391"
"Mehrabani, Golnosh","56607234500","2","Medicine
Biochemistry, Genetics and Molecular Biology
"
"Gettner, Saideh","55408586000","3","Medicine
Immunology and Microbiology
"
"Mansouri, Amirata","57196744877","1","Medicine
"
"Ansari, Leila","57188549749","1","Medicine
"
"Zarei, Kamal","56441474700","1","Medicine
"
"Yeganeh, Babak Shirazi","57226148770","2","Biochemistry, Genetics and Molecular Biology
Medicine
"
"Heshmati, G.","57190872047","1","Medicine
"
"Roshanshad, Amirhossein","57218489135","8","Medicine
Immunology and Microbiology
"
"Taghipour, Mohammadjavad","57221479404","2","Multidisciplinary
"
"Nikrooz, P.","21233850600","1","Medicine
Biochemistry, Genetics and Molecular Biology
"
"Dehghani, Seyed Sina","57295583600","2","Environmental Science
Medicine
"
"Alizadeh, Rasool","57209020865","1","Medicine
Biochemistry, Genetics and Molecular Biology
"
"Mousaei Sisakht, Mina","57220579873","1","Medicine
Immunology and Microbiology
"
"Lari, Malihe","56909871200","1","Medicine
"
"Nemati, Kazem","56517985600","2","Medicine
Biochemistry, Genetics and Molecular Biology
"
"Dehghani, Ali","57388614600","1","Social Sciences
Medicine
"
"Ghoreshizadeh, Z.","36496769600","1","Medicine
"
"Kurosh, Kalantar","57219398933","1","Medicine
"
"Noman-Pour, B.","6504348653","1","Medicine
"
"Lebaji, Zahra","57222542983","1","Medicine
"
"Zarifi, Fariba","57211607698","1","Medicine
"
"Khorchani, Majid Jafari","57216653455","2","Biochemistry, Genetics and Molecular Biology
Agricultural and Biological Sciences
Medicine
"
"Sadeghi, Sara","57193270452","1","Medicine
"
"Sepehri, Nazaninzahra","57225954452","3","Medicine
Immunology and Microbiology
Psychology
"
"Kamali, Mandana","57306423600","1","Multidisciplinary
"
"Eslahi, Seyed Ali","57219861581","19","Medicine
Nursing
"
"Dehghani, Mona","57210063487","2","Medicine
Agricultural and Biological Sciences
Immunology and Microbiology
Veterinary
"
"Rahimi, Fatemeh","57199322603","1","Medicine
"
"Hassani, Amir Hossein","57226386255","1","Medicine
"
"Nikeghbal, Elahe","57203885509","1","Medicine
Biochemistry, Genetics and Molecular Biology
Nursing
"
"Heidari, Masoomeh","36243382300","1","Medicine
"
"Gharavi, Alireza","55820441000","3","Immunology and Microbiology
Medicine
Biochemistry, Genetics and Molecular Biology
Agricultural and Biological Sciences
Veterinary
"
"Pourahmad, Saeedeh","15045601000","48","Medicine
Biochemistry, Genetics and Molecular Biology
Mathematics
Pharmacology, Toxicology and Pharmaceutics
Health Professions
Immunology and Microbiology
Nursing
Agricultural and Biological Sciences
Computer Science
Psychology
Environmental Science
Decision Sciences
Social Sciences
","0000-0002-7366-1059"
"Mojab, Seyed Vahid","57222252131","2","Medicine
"
"Saremi, F.","26023823700","3","Veterinary
Agricultural and Biological Sciences
"
"Matin, Marzieh","55867820400","1","Medicine
"
"Teymoorian, G. A.","6507199022","2","Medicine
Health Professions
"
"Turner, B.","7401857867","1","Biochemistry, Genetics and Molecular Biology
"
"Hatefi, Youssef","7005667702","206","Biochemistry, Genetics and Molecular Biology
Medicine
Multidisciplinary
Arts and Humanities
Immunology and Microbiology
Mathematics
Decision Sciences
Chemical Engineering
Chemistry
Agricultural and Biological Sciences
"
"Moghadami, Mana","57221832561","1","Medicine
Social Sciences
"
"Javanmardi, Fatemeh","57210737191","31","Medicine
Immunology and Microbiology
Biochemistry, Genetics and Molecular Biology
Neuroscience
Pharmacology, Toxicology and Pharmaceutics
Environmental Science
Multidisciplinary
Agricultural and Biological Sciences
"
"Nasiri Lari, Zeinab","57213270038","1","Pharmacology, Toxicology and Pharmaceutics
"
"Mostafavi, Ladan","56481563100","1","Medicine
"
"Eskandari, M.","26641114200","2","Medicine
Immunology and Microbiology
Pharmacology, Toxicology and Pharmaceutics
Biochemistry, Genetics and Molecular Biology
Psychology
"
"Sher, Stephanie","57206161370","1","Immunology and Microbiology
Medicine
"
"Pouryousef, Ali","57190069360","4","Medicine
Immunology and Microbiology
Biochemistry, Genetics and Molecular Biology
"
"Pouyanfar, Negar","57189494334","1","Biochemistry, Genetics and Molecular Biology
"
"Hosseinipanah, Ladan","56685754700","1","Medicine
"
"Kazemian, Sakineh","22935101100","3","Immunology and Microbiology
Medicine
Biochemistry, Genetics and Molecular Biology
"
"Gerami, C.","6505970667","2","Medicine
"
"Molaei, M.","57209135631","2","Medicine
Immunology and Microbiology
"
"Bemana, Ghahraman","57191042498","1","Medicine
Health Professions
"
"Akbarzade-Jahromi, Mojgan","57223404361","1","Biochemistry, Genetics and Molecular Biology
"
"Buxton, M.","57214048487","1","Medicine
Immunology and Microbiology
"
"Khoshkharam, Hossein","57203417837","1","Biochemistry, Genetics and Molecular Biology
"
"Mohammadi, Neda","57209213576","2","Arts and Humanities
Pharmacology, Toxicology and Pharmaceutics
Social Sciences
"
"Ghasemi, Nasibeh","57211068545","1","Medicine
"
"Eghtadari, Fardin","6504355133","1","Medicine
Biochemistry, Genetics and Molecular Biology
"
"Amini, Fatemeh","55367921700","2","Medicine
"
"Gucer, G.","36720049800","1","Medicine
"
"Zakerinia, Maryam","6602578031","47","Medicine
Biochemistry, Genetics and Molecular Biology
Pharmacology, Toxicology and Pharmaceutics
Immunology and Microbiology
Chemistry
Psychology
Environmental Science
Nursing
Health Professions
Veterinary
Multidisciplinary
Chemical Engineering
Social Sciences
","0000-0001-5629-8801"
"Zare, S.","57220473140","1","Dentistry
"
"Alishahi, Mohsen","57212036071","5","Biochemistry, Genetics and Molecular Biology
Environmental Science
Materials Science
Immunology and Microbiology
Chemical Engineering
Pharmacology, Toxicology and Pharmaceutics
Engineering
"
"Kiani, M.","57220529555","1","Medicine
"
"Faezi-Marian, Shima","57220578563","2","Medicine
"
"Tehranzadeh, J.","57220371644","1","Medicine
"
"Vakili, Seyed Mohammad","56151536300","1","Medicine
"
"Hamzavi, Gholam Reza","56891597400","2","Biochemistry, Genetics and Molecular Biology
Pharmacology, Toxicology and Pharmaceutics
"
"Yousefinejad, Fahimeh","57202853080","2","Biochemistry, Genetics and Molecular Biology
Medicine
"
"Mir-Shiri, Sara","57208012427","1","Medicine
Biochemistry, Genetics and Molecular Biology
"
"Khanzadeh, Ali","57189380431","1","Medicine
Immunology and Microbiology
"
"Soleimani, M.","57209922266","1","Medicine
"
"Khasaki, Mohammad","8443548000","1","Pharmacology, Toxicology and Pharmaceutics
"
"Chenari, Nooshafarin","40360920000","13","Medicine
Biochemistry, Genetics and Molecular Biology
Dentistry
"
"Modabberi, F.","57226115626","1","Immunology and Microbiology
Medicine
"
"Zaeromali, Najmeh","57194769544","1","Biochemistry, Genetics and Molecular Biology
"
"Karbalay-Doust, Saied","55959950400","76","Medicine
Biochemistry, Genetics and Molecular Biology
Pharmacology, Toxicology and Pharmaceutics
Agricultural and Biological Sciences
Immunology and Microbiology
Psychology
Neuroscience
Nursing
Veterinary
Physics and Astronomy
Earth and Planetary Sciences
Mathematics
Materials Science
Chemistry
","0000-0003-1071-1730"
"Arvintan, Simindokht","54400691700","1","Medicine
"
"Samare, Mohammad","57224461787","2","Medicine
"
"Ghasemi, Fatemeh","57214715547","1","Medicine
"
"Golestani, Hajar","57220093142","1","Medicine
Immunology and Microbiology
"
"Fatemikia, Hossein","57188733832","13","Biochemistry, Genetics and Molecular Biology
Medicine
Pharmacology, Toxicology and Pharmaceutics
Immunology and Microbiology
Veterinary
Environmental Science
Chemistry
","0000-0003-0576-9794"
"Azadi, Mahbobeh","57300544900","1","Medicine
"
"Kalhor, Leila","57239950600","1","Medicine
"
"Rostamyari, Mohammad Amin","56731016300","13","Mathematics
Medicine
Health Professions
Chemical Engineering
","0000-0002-2492-7025"
"Farahmandnejad, Mitra","55246831000","3","Mathematics
Multidisciplinary
Immunology and Microbiology
Biochemistry, Genetics and Molecular Biology
Agricultural and Biological Sciences
Medicine
"
"Immeripour, Zohreh","57201462402","1","Agricultural and Biological Sciences
Immunology and Microbiology
Biochemistry, Genetics and Molecular Biology
Chemical Engineering
"
"Nazari, Somayeh","57215933043","5","Medicine
Biochemistry, Genetics and Molecular Biology
Arts and Humanities
Pharmacology, Toxicology and Pharmaceutics
Social Sciences
Nursing
Psychology
"
"Batebi, Atefeh","57211411173","1","Medicine
"
"Shafei, A.","6603619416","1","Medicine
Biochemistry, Genetics and Molecular Biology
"
"Shafiei, Zohreh","57217040734","1","Medicine
Biochemistry, Genetics and Molecular Biology
"
"Rekabpoor, J.","57204932341","1","Medicine
"
"OmraniSigaroodi, Motahhar","56471799700","2","Medicine
Psychology
Pharmacology, Toxicology and Pharmaceutics
"
"Shojaei, A.","57188740385","1","Medicine
"
"Kamali, Mryam","57202299841","1","Medicine
Immunology and Microbiology
Pharmacology, Toxicology and Pharmaceutics
"
"Iranmanesh, S.","57201943486","1","Agricultural and Biological Sciences
Immunology and Microbiology
"
"Alborzi, Soroosh","57214847356","13","Medicine
"
"Babazadeh, Marziyeh","57297449100","1","Biochemistry, Genetics and Molecular Biology
"
"Salehnasab, Parvin","57221519389","1","Immunology and Microbiology
Health Professions
Medicine
Biochemistry, Genetics and Molecular Biology
"
"Arabi, H.","57203841517","1","Medicine
Health Professions
Chemical Engineering
"
"Zamirian, Mahmood","56200630200","40","Medicine
Biochemistry, Genetics and Molecular Biology
Immunology and Microbiology
Pharmacology, Toxicology and Pharmaceutics
Psychology
Nursing
Health Professions
Neuroscience
","0000-0001-5757-7810"
"Sadati, Sara Khanjari","57208255422","3","Medicine
Immunology and Microbiology
"
"Rahmanian, Mahdi","57218877177","2","Medicine
","0000-0002-4592-7198"
"Arzhangzadeh, Melika","57367325100","1","Medicine
"
"Raffi, A.","7005135181","1","Medicine
Biochemistry, Genetics and Molecular Biology
"
"Zare, Maasoomeh","57217091965","1","Medicine
"
"Alibeigi, Mahdi","57262661700","2","Medicine
Pharmacology, Toxicology and Pharmaceutics
"
"Dehghani, Zahra","57226401838","1","Medicine
Pharmacology, Toxicology and Pharmaceutics
"
"Setayesh, Abdol R.","56694993200","1","Medicine
"
"Moghadam, Ebrahim Rahmani","57216948186","15","Biochemistry, Genetics and Molecular Biology
Pharmacology, Toxicology and Pharmaceutics
Medicine
Immunology and Microbiology
Chemical Engineering
Agricultural and Biological Sciences
"
"Javidian, I.","35116657800","3","Medicine
Social Sciences
"
"Mohammadian, Zhila","57230928300","1","Medicine
Health Professions
"
"Chamanara, Kefayat","57211226589","1","Medicine
Biochemistry, Genetics and Molecular Biology
"
"Rozrokh, S.","57212074545","1","Medicine
"
"Zolghadr Asli, A. A.","57204349569","1","Medicine
"
"Safavi, Dornaz","57404777100","1","Medicine
"
"Zarabi, M.","57212742950","1","Agricultural and Biological Sciences
Medicine
"
"Dadras, Nasrin","55930448900","5","Medicine
"
"Tabaei, Samira","57200135225","12","Biochemistry, Genetics and Molecular Biology
Immunology and Microbiology
Pharmacology, Toxicology and Pharmaceutics
Agricultural and Biological Sciences
Medicine
Chemical Engineering
Engineering
"
"Fouladivanda, Samiyeh","57208507539","1","Medicine
"
"Azad, Fariborz","26634790500","7","Medicine
Nursing
Biochemistry, Genetics and Molecular Biology
"
"Motamedi, Marjan","56988810100","21","Medicine
Immunology and Microbiology
Biochemistry, Genetics and Molecular Biology
Environmental Science
Dentistry
Physics and Astronomy
Materials Science
Multidisciplinary
Agricultural and Biological Sciences
","0000-0003-1066-8752"
"Ebrahimpoor, Fariba","57205504505","1","Neuroscience
"
"Askarian, Mehrdad","6602123438","124","Medicine
Immunology and Microbiology
Biochemistry, Genetics and Molecular Biology
Environmental Science
Pharmacology, Toxicology and Pharmaceutics
Nursing
Social Sciences
Psychology
Agricultural and Biological Sciences
Earth and Planetary Sciences
Health Professions
Dentistry
","0000-0003-4163-7414"
"Jahanabadi, Zahra","35310656500","9","Medicine
","0000-0002-5088-1753"
"Alolaee, Sanam Haeri Maryam","57216883629","1","Health Professions
Social Sciences
Pharmacology, Toxicology and Pharmaceutics
"
"Emad, K.","6506190701","2","Medicine
"
"Behbood, Arezoo","57212213700","1","Social Sciences
Computer Science
"
"Azizi, Tayyebeh","57192710886","1","Medicine
"
"Amini, Madihe","56414175100","2","Medicine
"
"Haghighi, Ghasem","57210438221","1","Medicine
"
"Mikaeili, Mohammad Hadi","55452593200","1","Medicine
Immunology and Microbiology
"
"Babaeinejad, Meysam","56095955000","1","Medicine
Neuroscience
"
"Ghotbi, Shahrzad","36339412200","1","Medicine
"
"Samiei, Azadeh","57191157036","2","Agricultural and Biological Sciences
Medicine
Veterinary
"
"Merchant, N. M.","7006617814","3","Environmental Science
Medicine
"
"Naraki, Tahereh","57172703300","1","Agricultural and Biological Sciences
Medicine
Biochemistry, Genetics and Molecular Biology
"
"Amiri, Esmat","56820001100","2","Biochemistry, Genetics and Molecular Biology
Neuroscience
"
"Emamghoreishi, Masoumeh","9038355600","39","Medicine
Pharmacology, Toxicology and Pharmaceutics
Biochemistry, Genetics and Molecular Biology
Neuroscience
Immunology and Microbiology
Psychology
Arts and Humanities
Social Sciences
","0000-0001-6388-3689"
"Sajjadi, S.","57197220147","1","Medicine
"
"Fereydouni, Esmaeil","57213672424","1","Multidisciplinary
"
"Salahi, R.","57224250539","1","Medicine
"
"Zare, Mina","57200393872","7","Biochemistry, Genetics and Molecular Biology
Chemistry
Medicine
Pharmacology, Toxicology and Pharmaceutics
Agricultural and Biological Sciences
","0000-0003-1061-4439"
"Akhlagh, Seyed Amirreza","57226068122","4","Medicine
Pharmacology, Toxicology and Pharmaceutics
Immunology and Microbiology
Biochemistry, Genetics and Molecular Biology
"
"Rad, Khadijeh Salehi","57193536543","1","Medicine
"
"Omid, Koohi Hossein Aabadi","57188822299","1","Engineering
Pharmacology, Toxicology and Pharmaceutics
"
"Rajaee, Farzam","56626166100","2","Medicine
"
"Biranvand, Elahe","57225248438","1","Medicine
Immunology and Microbiology
"
"Mohammadi, Tooba","57220891762","3","Medicine
Biochemistry, Genetics and Molecular Biology
"
"Pourzargham, Pegah","57218948756","2","Medicine
Biochemistry, Genetics and Molecular Biology
"
"Fathi, Nazanin","57226572147","2","Medicine
"
"Rezaie-Yazdi, M.","57192666967","1","Physics and Astronomy
Medicine
Health Professions
Biochemistry, Genetics and Molecular Biology
"
"Keshtkar, Vahid","55602575400","10","Medicine
Nursing
Social Sciences
Environmental Science
Multidisciplinary
Engineering
Health Professions
","0000-0001-5293-724X"
"Mostaphavi, H.","14011859000","1","Medicine
Pharmacology, Toxicology and Pharmaceutics
"
"Beigy, Faegheh Baha Aldini","57209011966","1","Biochemistry, Genetics and Molecular Biology
Immunology and Microbiology
Pharmacology, Toxicology and Pharmaceutics
"
"Edalati, Fatemeh","57194710279","1","Medicine
"
"Vassei, M.","6505804165","2","Medicine
Immunology and Microbiology
Pharmacology, Toxicology and Pharmaceutics
Biochemistry, Genetics and Molecular Biology
Psychology
"
"Kavoussi, A.","6503963241","1","Medicine
"
"Ghetmiri, Ziba","57204151909","1","Medicine
"
"Mortazavi, Seyed Alireza","57240122300","1","Medicine
"
"Solhjoo, Freidoon","55313973300","6","Medicine
Biochemistry, Genetics and Molecular Biology
","0000-0002-7956-9181"
"Rahimi-Moghaddam, F.","57204273099","2","Medicine
Health Professions
Chemical Engineering
"
"Jessup, Bruce","35347940000","1","Medicine
"
"Kimiaghalam, Robab","21740982700","1","Immunology and Microbiology
Agricultural and Biological Sciences
Medicine
"
"Vasaghi, Attiyeh","55487217900","9","Medicine
Biochemistry, Genetics and Molecular Biology
Health Professions
Immunology and Microbiology
Pharmacology, Toxicology and Pharmaceutics
Neuroscience
"
"Mehrabanpour, J.","6507753328","3","Medicine
Mathematics
Decision Sciences
Biochemistry, Genetics and Molecular Biology
"
"Zeighmani, Elaine","6504518947","1","Medicine
Biochemistry, Genetics and Molecular Biology
"
"Abbasi, Ferdos","57218440979","1","Immunology and Microbiology
Medicine
Veterinary
"
"Rahimi, Samar","57236187100","2","Medicine
"
"Pour, Gholamreza Yousefi","55734348569","1","Medicine
Immunology and Microbiology
"
"Bigdeli, Mohammad","56200602800","1","Medicine
Psychology
"
"Nasiri, Rezvan","57201609982","9","Medicine
Biochemistry, Genetics and Molecular Biology
Dentistry
"
"Salehi, M.","56274018000","1","Medicine
"
"Sadeghi, Seyed Ebrahim","55000424600","9","Medicine
","0000-0003-2873-3962"
"Azizi, Zohre","57209033746","1","Medicine
Biochemistry, Genetics and Molecular Biology
"
"Mohammadian, Fatemeh","57202001712","5","Medicine
Nursing
Agricultural and Biological Sciences
Engineering
Neuroscience
"
"Pracha, Aris Donic","57197747720","1","Biochemistry, Genetics and Molecular Biology
Immunology and Microbiology
Pharmacology, Toxicology and Pharmaceutics
"
"Foroutan , R.","56380582300","1","Medicine
"
"Rafeei, Khatoon","57226188599","1","Medicine
"
"Khorsand, Ali","57195105867","2","Medicine
"
"Bazrafshan, Mehdi","57216709979","10","Medicine
Neuroscience
Psychology
"
"Khademi, Arefeh","57200923414","1","Medicine
"
"Jahromi, Khatere Mirzad","57200941442","1","Medicine
"
"Gorganinezhad-Moshiri, Mohsen","22957803500","1","Medicine
"
"Sangi, Sareh","55674705800","2","Medicine
Social Sciences
"
"Mehriyar, Morsal","6506793607","1","Medicine
Biochemistry, Genetics and Molecular Biology
"
"Farahmand, Faramarz","57211591808","5","Medicine
Pharmacology, Toxicology and Pharmaceutics
"
"Najafi, Laleh","57223125866","1","Veterinary
"
"Zahiri, Sh","57212977742","1","Agricultural and Biological Sciences
Veterinary
"
"Dara, Mahintaj","57190838782","3","Medicine
Biochemistry, Genetics and Molecular Biology
"
"Moosavi, Abdullah","35611892000","2","Medicine
Biochemistry, Genetics and Molecular Biology
"
"Rezasadeh, Soorena","26659189400","2","Medicine
"
"Schwartz, T. A.","7203078129","1","Medicine
"
"Hosseinpour, Hamidreza","57265487600","1","Medicine
"
"Ebrahimi, Mina","57210339835","3","Immunology and Microbiology
Medicine
Veterinary
"
"Asemani, Samira","57219731621","1","Health Professions
Medicine
"
"Kamali Haghighi, Farnaz","57224773741","1","Medicine
"
"Shenavar, Fatemeh","56817002700","3","Medicine
Biochemistry, Genetics and Molecular Biology
Pharmacology, Toxicology and Pharmaceutics
Immunology and Microbiology
"
"Jafari, Maryam","56679170600","2","Medicine
Immunology and Microbiology
"
"Rezvan, Alireza","57204089100","1","Medicine
Biochemistry, Genetics and Molecular Biology
"
"Jahromi, Mohsen Ghofrani","57090154700","3","Medicine
Biochemistry, Genetics and Molecular Biology
Engineering
Neuroscience
Dentistry
Computer Science
"
"Firuzyar, Tahereh","36620841000","13","Chemistry
Medicine
Environmental Science
Biochemistry, Genetics and Molecular Biology
Chemical Engineering
Pharmacology, Toxicology and Pharmaceutics
Energy
Materials Science
","0000-0001-8632-9015"
"Aminshahidi, Maneli","55258925400","7","Medicine
Immunology and Microbiology
Pharmacology, Toxicology and Pharmaceutics
Agricultural and Biological Sciences
Veterinary
"
"Rastegar, Elham","57209141902","3","Medicine
Pharmacology, Toxicology and Pharmaceutics
Biochemistry, Genetics and Molecular Biology
"
"Borhanmanesh, A.","6504505886","1","Medicine
"
"Amirzade-Fard, Fatemeh","57195756204","1","Medicine
Biochemistry, Genetics and Molecular Biology
","0000-0001-5458-0272"
"Shahin, Mohammadreza Panjeh","57190732478","1","Medicine
"
"Khademi, Fatemeh","57195629957","11","Medicine
Pharmacology, Toxicology and Pharmaceutics
Environmental Science
Biochemistry, Genetics and Molecular Biology
Nursing
"
"Shafeian, R.","36161351700","1","Agricultural and Biological Sciences
Veterinary
"
"Ghavami, Hushang","6506626228","3","Medicine
Biochemistry, Genetics and Molecular Biology
Chemical Engineering
"
"Dadashpour, Nazanin","57211921989","1","Medicine
"
"Arkan, N.","24400924300","1","Medicine
"
"Hashemi, Maedeh","57202951065","1","Medicine
Biochemistry, Genetics and Molecular Biology
"
"Movahedi, Mohammad Mehdi","23091213800","31","Medicine
Biochemistry, Genetics and Molecular Biology
Engineering
Chemical Engineering
Health Professions
Environmental Science
Business, Management and Accounting
Mathematics
Decision Sciences
Immunology and Microbiology
Physics and Astronomy
Multidisciplinary
Agricultural and Biological Sciences
Computer Science
Neuroscience
","0000-0003-0024-5975"
"Moghadam, Delaram","57211080628","3","Biochemistry, Genetics and Molecular Biology
Medicine
Pharmacology, Toxicology and Pharmaceutics
"
"Gholami, Mahsa","57226413228","1","Biochemistry, Genetics and Molecular Biology
Medicine
"
"Ostovar, Mohadeseh","56725625400","3","Medicine
Nursing
","0000-0003-0124-0092"
"Kharazmi, A.","57214501985","7","Medicine
Immunology and Microbiology
Health Professions
Biochemistry, Genetics and Molecular Biology
"
"Sadeghi-Hassanabadi, A.","7801333639","12","Medicine
Immunology and Microbiology
"
"Moslehi, Mohammad Ashkan","57243401400","2","Medicine
Health Professions
"
"Farahani, F.","57368741300","1","Medicine
"
"Zare, Mousa","57203024862","4","Medicine
Neuroscience
Veterinary
"
"Nili, F.","56786015000","1","Medicine
Biochemistry, Genetics and Molecular Biology
"
"Hamtaeipour, F.","57212564222","1","Health Professions
Medicine
Chemical Engineering
"
"Nourani Khojasteh, Habib","56272292900","2","Medicine
Biochemistry, Genetics and Molecular Biology
"
"Omidian, Mostafa","57217312743","12","Immunology and Microbiology
Medicine
Environmental Science
Veterinary
Biochemistry, Genetics and Molecular Biology
Health Professions
"
"Fotouhikia, Saeed","57192642541","2","Medicine
"
"Kadivar, R.","55374208800","3","Medicine
Immunology and Microbiology
Biochemistry, Genetics and Molecular Biology
"
"Hooshiar, Seied Saeed Hosini","57202425096","1","Medicine
"
"Karmi, A.","56616417300","1","Medicine
"
"Azad, Ali","57188979716","1","Medicine
"
"Sami Jahromi, Sareh","57219960658","1","Medicine
"
"Solter, Steven L.","6602934245","8","Medicine
Social Sciences
Arts and Humanities
"
"Musallaye, A.","6506137276","2","Medicine
Biochemistry, Genetics and Molecular Biology
"
"Sadeghi-Ataabadi, Mahmoud","57191628273","1","Engineering
Physics and Astronomy
Materials Science
"
"Aminlari, Ali","54881323300","2","Medicine
"
"Rahimifar, M.","6506252176","2","Medicine
Biochemistry, Genetics and Molecular Biology
"
"Rasouli, Maryam","57219199572","1","Medicine
Biochemistry, Genetics and Molecular Biology
Pharmacology, Toxicology and Pharmaceutics
"
"Ruyvaran, Maede","57215599797","4","Pharmacology, Toxicology and Pharmaceutics
Medicine
"
"Emadi, Farhad","57210114420","3","Medicine
Nursing
Social Sciences
Chemical Engineering
Health Professions
"
"Jelodar, Sina","57220293015","3","Medicine
Psychology
"
"Paishva, N.","8967224800","1","Medicine
Immunology and Microbiology
Biochemistry, Genetics and Molecular Biology
Pharmacology, Toxicology and Pharmaceutics
Psychology
"
"Tomlinson, H.","57197405255","1","Pharmacology, Toxicology and Pharmaceutics
Agricultural and Biological Sciences
Chemistry
"
"Mohebzadeh, Jalil","25646609500","1","Medicine
"
"Mobarhan, S.","57205010652","1","Medicine
"
"Ziaee, Mohyeddin","45961616400","1","Medicine
Pharmacology, Toxicology and Pharmaceutics
"
"Ettehadi, Fariba","36643750800","1","Medicine
"
"Farokhi, Saeid","26421639200","3","Medicine
Immunology and Microbiology
Biochemistry, Genetics and Molecular Biology
Pharmacology, Toxicology and Pharmaceutics
Psychology
"
"Shaleri, S.","6504000257","1","Medicine
Biochemistry, Genetics and Molecular Biology
"
"Taheri, Somayeh","57211925093","1","Medicine
"
"Zarei, Fatemeh","57204139836","9","Medicine
Agricultural and Biological Sciences
Nursing
"
"Goli, Najmeh Ahmadzadeh","57208051169","2","Medicine
Pharmacology, Toxicology and Pharmaceutics
"
"Paizi, Koorosh","57204281902","1","Engineering
Biochemistry, Genetics and Molecular Biology
Chemical Engineering
"
"Niknam, Maryam","57195405480","6","Medicine
Biochemistry, Genetics and Molecular Biology
Nursing
Pharmacology, Toxicology and Pharmaceutics
Immunology and Microbiology
Chemical Engineering
Agricultural and Biological Sciences
Chemistry
"
"Kaveh, Mohammad","57215022922","2","Medicine
Immunology and Microbiology
"
"Salmannezhad, Mahin","57195296141","1","Medicine
Engineering
"
"Gorzin, Ali Akbar","55014685300","7","Medicine
Immunology and Microbiology
Biochemistry, Genetics and Molecular Biology
"
"Jazayeri, A.","7003889185","1","Medicine
Mathematics
Biochemistry, Genetics and Molecular Biology
Decision Sciences
"
"Kianpour, Mohsen","57190620993","2","Medicine
Pharmacology, Toxicology and Pharmaceutics
Psychology
"
"Nejati, Solmaz","57188969939","1","Medicine
"
"Varavipour, B.","57224284535","1","Medicine
Immunology and Microbiology
Pharmacology, Toxicology and Pharmaceutics
Biochemistry, Genetics and Molecular Biology
Psychology
"
"Sharafkhah, Ali","57190947814","1","Medicine
"
"Neda, Mohagheghzadeh","57368845000","1","Medicine
"
"Ghadim, Mir Behrad Aghazadeh","57414695100","1","Chemistry
Materials Science
Computer Science
"
"Vakili, S. N.","57222739454","1","Immunology and Microbiology
Veterinary
Pharmacology, Toxicology and Pharmaceutics
"
"Aghaei, Zohre","57226129149","1","Medicine
Nursing
"
"Johnson, E. C.","55469682500","2","Medicine
"
"Maghami, Fatemeh","57226665116","1","Medicine
Biochemistry, Genetics and Molecular Biology
"
"Salami, B.","57110217300","1","Medicine
Biochemistry, Genetics and Molecular Biology
"
"Khosropanah, Shahdad","6506593984","35","Medicine
Biochemistry, Genetics and Molecular Biology
Immunology and Microbiology
Pharmacology, Toxicology and Pharmaceutics
Psychology
Dentistry
","0000-0003-0215-4911"
"Rahimi, Mohammad M.","57225739418","2","Medicine
Environmental Science
Pharmacology, Toxicology and Pharmaceutics
"
"Salmanpour, Rahmatollah","57207777995","2","Medicine
Immunology and Microbiology
"
"Akbari, Hassan Mohammad Hosseni","7005326704","1","Medicine
"
"Sadigh, M.","6603795964","1","Medicine
Immunology and Microbiology
"
"Ghafouri, R.","57222739457","1","Immunology and Microbiology
Veterinary
Pharmacology, Toxicology and Pharmaceutics
"
"Nikseresht, Mohammad Saeed","55981576500","1","Medicine
Neuroscience
"
"Sattar, A. R.","57220189014","1","Medicine
Health Professions
Chemical Engineering
"
"Tavalali, M.","41762730100","1","Medicine
"
"Ashrafinia, Farzane","57220205588","2","Medicine
Psychology
"
"Haddad, Behzad","55661718800","2","Medicine
"
"Abdollahi, B.","6505881145","4","Medicine
Immunology and Microbiology
Biochemistry, Genetics and Molecular Biology
"
"Arad, Ahmad","16833708800","1","Medicine
Pharmacology, Toxicology and Pharmaceutics
Psychology
"
"Mokaram, Pooneh","57370817700","1","Medicine
Pharmacology, Toxicology and Pharmaceutics
"
"Mirdamadi, Anahita","57211938136","2","Medicine
"
"Jahangiri, Soodeh","57414780400","1","Medicine
"
"Hosseini, Seyyed Hossein","57226564988","3","Medicine
"
"Afrashteh, Masood","57202336440","2","Medicine
Agricultural and Biological Sciences
Immunology and Microbiology
Veterinary
"
"Rafaatpour, Noraladin","25226614000","11","Medicine
Immunology and Microbiology
Energy
Agricultural and Biological Sciences
Environmental Science
Mathematics
Veterinary
"
"Samad, A.","24459057500","2","Medicine
Immunology and Microbiology
"
"Laalpour, Sahar","57211937042","1","Medicine
"
"Abbasi, Zahra","57203685872","1","Biochemistry, Genetics and Molecular Biology
"
"Rahimian, H.","6602504479","1","Medicine
"
"Bagheri, S. A.","57205916251","1","Medicine
Biochemistry, Genetics and Molecular Biology
"
"Ranjbar, Sahar","57194129629","3","Physics and Astronomy
Medicine
Engineering
"
"Jalouli, Maryam","57223961643","1","Medicine
"
"Rostami, Anahita","57196151984","1","Medicine
Psychology
"
"Shahim-Ain, A.","6504187962","1","Medicine
Biochemistry, Genetics and Molecular Biology
"
"Sadat, Tozihian Marzieh","55339408300","1","Medicine
"
"Esfahani, F. N.","6603620460","4","Medicine
Biochemistry, Genetics and Molecular Biology
"
"Shahim-Aein, Atefeh","57204160430","1","Medicine
"
"Ranjbar, Mohammad Javad","57213509980","2","Immunology and Microbiology
Medicine
Veterinary
"
"Zohoori, Dariush","57202739914","2","Medicine
Nursing
Social Sciences
"
"Sarkala, Hamzeh Badeli","57208396471","2","Neuroscience
Medicine
"
"Malekzadegan, Yalda","57193927586","20","Medicine
Biochemistry, Genetics and Molecular Biology
Pharmacology, Toxicology and Pharmaceutics
Immunology and Microbiology
","0000-0002-4461-9900"
"Farashbandi, Hassan","14819178800","3","Medicine
Psychology
Immunology and Microbiology
"
"Agah, Fatemeh","57211413098","1","Medicine
"
"Nia, Mina Rezvan","57214627428","1","Medicine
"
"Behzadpour, Niloufar","57208717798","6","Engineering
Materials Science
Biochemistry, Genetics and Molecular Biology
Health Professions
Physics and Astronomy
Chemical Engineering
Pharmacology, Toxicology and Pharmaceutics
Medicine
Chemistry
"
"Bonyadi, Mohammadmehdi","26021713300","1","Medicine
Nursing
Social Sciences
"
"Aghasadeghi, Firoozeh","57194214949","2","Medicine
"
"Siri, Morvarid","57223182160","4","Chemistry
Immunology and Microbiology
Chemical Engineering
Biochemistry, Genetics and Molecular Biology
Medicine
Computer Science
"
"Davoodabadi, Farahani M.","57404477200","1","Medicine
"
"Nazarian, Soheil","57203062144","1","Medicine
"
"Mohasel, Narges","56532064200","1","Medicine
"
"Sharifi, Alireza Amin","57189502526","2","Nursing
Medicine
Social Sciences
Biochemistry, Genetics and Molecular Biology
"
"Mostagnie, S.","23568683600","1","Medicine
Immunology and Microbiology
Pharmacology, Toxicology and Pharmaceutics
Biochemistry, Genetics and Molecular Biology
Psychology
"
"Lari, Zeinab Nasiri","56968234000","3","Medicine
"
"Shahabi, Alireza","6506578262","2","Medicine
Social Sciences
"
"Nasrollahi, Elham","57223126699","4","Medicine
"
"Vahedi, Arian Aminzadeh","57211293300","1","Medicine
"
"Khajavian, Shiva","57225252881","1","Medicine
Immunology and Microbiology
Pharmacology, Toxicology and Pharmaceutics
Biochemistry, Genetics and Molecular Biology
Psychology
"
"Zolghadrasli, Abdolali A.","15066252300","11","Medicine
Pharmacology, Toxicology and Pharmaceutics
Biochemistry, Genetics and Molecular Biology
Neuroscience
","0000-0003-2562-0655"
"Taghizadeh, Mohammad","57220927655","1","Medicine
"
"Heydari, Ali","56513511500","2","Medicine
"
"Talebnia, Seyed Emad","57215196116","1","Medicine
"
"Shefaghat, Marzieh","57200325550","2","Environmental Science
Medicine
"
"Mirshekari, Z.","57218922417","1","Pharmacology, Toxicology and Pharmaceutics
"
"Sohrabpour, Sattar","56112641400","1","Immunology and Microbiology
Medicine
"
"Kheshtchin, Nasim","36570490300","11","Medicine
Biochemistry, Genetics and Molecular Biology
Immunology and Microbiology
Pharmacology, Toxicology and Pharmaceutics
","0000-0002-9963-2256"
"Nematollahi, Zahra","57344255100","1","Medicine
Immunology and Microbiology
"
"Jahanbakhsh, Mohammad","57200005641","1","Medicine
"
"Mashghoolozekr, Elaheh","56682860800","5","Medicine
Pharmacology, Toxicology and Pharmaceutics
Biochemistry, Genetics and Molecular Biology
Immunology and Microbiology
Agricultural and Biological Sciences
Psychology
"
"Mohebi, Samane","57190128918","12","Biochemistry, Genetics and Molecular Biology
Medicine
Immunology and Microbiology
Pharmacology, Toxicology and Pharmaceutics
"
"Bagheri, Farshid","57273112200","1","Neuroscience
"
"Bakhshai, Pardis","57201882510","1","Medicine
"
"Keshavarzian, Omid","57193127751","2","Medicine
Multidisciplinary
"
"Hosseinipanah, S.","57212553822","1","Health Professions
Medicine
Chemical Engineering
"
"Hashemi, Arman","57224497591","1","Medicine
"
"Parhoode, M.","57193197642","1","Immunology and Microbiology
"
"Nekooei, Maryam","55763858000","3","Medicine
Pharmacology, Toxicology and Pharmaceutics
"
"Jamali, Elham","36239841100","2","Biochemistry, Genetics and Molecular Biology
Medicine
"
"Namakidoust, M.","24570549900","1","Medicine
"
"Pirsalami, Fatema","56545800600","17","Pharmacology, Toxicology and Pharmaceutics
Medicine
Neuroscience
Multidisciplinary
Arts and Humanities
Social Sciences
Agricultural and Biological Sciences
"
"Ebrahimi, Vahid","57408133700","3","Medicine
Immunology and Microbiology
Biochemistry, Genetics and Molecular Biology
"
"Yahyavi, Seyedeh Saeedeh","57364082600","1","Medicine
Immunology and Microbiology
Pharmacology, Toxicology and Pharmaceutics
Biochemistry, Genetics and Molecular Biology
Psychology
"
"Ghafaripour, F.","56993809200","1","Health Professions
Medicine
Chemical Engineering
"
"Diba, Mohamadreza","57207035105","2","Immunology and Microbiology
Pharmacology, Toxicology and Pharmaceutics
Health Professions
Medicine
Veterinary
"
"Shahidi, Seyyed Mehdi","56148650400","1","Medicine
"
"Hashemi, Atefeh","57222054406","1","Medicine
"
"Khashei, Reza","56333262900","24","Medicine
Biochemistry, Genetics and Molecular Biology
Immunology and Microbiology
Pharmacology, Toxicology and Pharmaceutics
Dentistry
Multidisciplinary
","0000-0003-2413-2078"
"Zeighami, Samaneh","57191256855","1","Medicine
"
"Rahimpour, Elham","57242516200","2","Chemical Engineering
Environmental Science
Chemistry
"
"Kasraee, R.","53870347300","1","Agricultural and Biological Sciences
Veterinary
"
"Jazayeri Shooshtari, Seyed Mostafa","57221099707","1","Health Professions
Medicine
"
"Ajami, Gholamhossein","55409287200","57","Medicine
"
"Omidifar, Navid","36197024600","61","Medicine
Biochemistry, Genetics and Molecular Biology
Chemistry
Engineering
Materials Science
Environmental Science
Pharmacology, Toxicology and Pharmaceutics
Immunology and Microbiology
Physics and Astronomy
Chemical Engineering
Nursing
Psychology
Multidisciplinary
Computer Science
Mathematics
Social Sciences
","0000-0003-3391-926X"
"Abbasi, Samaneh","57220715192","5","Medicine
Chemical Engineering
Health Professions
Engineering
Computer Science
"
"Safari, A.","56956521900","1","Health Professions
Medicine
Chemical Engineering
"
"Rezaiian, G.","6504443696","1","Medicine
"
"Gigloo, Akram Layegh","57211397500","1","Medicine
"
"Mohammadi, Sahar","57217057408","4","Medicine
Biochemistry, Genetics and Molecular Biology
Chemical Engineering
Pharmacology, Toxicology and Pharmaceutics
Health Professions
"
"Kabiri, M.","36819770900","3","Medicine
Immunology and Microbiology
"
"Seifollahi, Zeinab","57173272600","2","Immunology and Microbiology
Medicine
Veterinary
"
"Dehghani, Atefeh","57225376457","1","Medicine
"
"Kadivar, D.","57191806749","1","Medicine
Immunology and Microbiology
"
"Ebrahimi, Vahid","57408132600","9","Medicine
Environmental Science
Immunology and Microbiology
Pharmacology, Toxicology and Pharmaceutics
Engineering
Agricultural and Biological Sciences
"
"Nedaei Ahmadi, Ahmadi Sina","56257757000","2","Medicine
Biochemistry, Genetics and Molecular Biology
Immunology and Microbiology
Pharmacology, Toxicology and Pharmaceutics
Psychology
"
"Alibi, Ehsan Ali","36643318100","1","Medicine
"
"Banaee, Farnaz","57221759885","2","Medicine
"
"Maleknasab, Mona","57205339713","1","Pharmacology, Toxicology and Pharmaceutics
"
"Nasiri, Marzieh","57251017400","1","Medicine
Social Sciences
"
"Arianfar, Farzane","57191254443","6","Biochemistry, Genetics and Molecular Biology
Medicine
Immunology and Microbiology
"
"Mirshakeri, M.","8967224700","1","Medicine
Immunology and Microbiology
Biochemistry, Genetics and Molecular Biology
Pharmacology, Toxicology and Pharmaceutics
Psychology
"
"Meskini, Farzaneh","57207986167","1","Medicine
"
"Assadi, Sh","57222740234","1","Immunology and Microbiology
Veterinary
Pharmacology, Toxicology and Pharmaceutics
"
"Mohammadi, Sulmaz","57212618208","1","Medicine
"
"Bos-Hagh, Somayeh","57204548698","1","Medicine
"
"Mansoori, Roohollah","57195285118","1","Medicine
Pharmacology, Toxicology and Pharmaceutics
"
"Igder, Somayeh","57208389932","4","Biochemistry, Genetics and Molecular Biology
Agricultural and Biological Sciences
Medicine
","0000-0002-3096-2660"
"Abbasi, Nadia","56835319400","1","Chemistry
Biochemistry, Genetics and Molecular Biology
"
"Kermani, Mohammad Rezazadeh","56783868900","1","Medicine
"
"Kamali, E.","57224374617","1","Medicine
Immunology and Microbiology
Biochemistry, Genetics and Molecular Biology
Pharmacology, Toxicology and Pharmaceutics
Psychology
"
"Rahimi, Saeed","56664049900","5","Medicine
Health Professions
Chemical Engineering
"
"Kohan Mozaffari, Sara","57208629736","1","Medicine
"
"Zarei, Reza","57346003700","2","Biochemistry, Genetics and Molecular Biology
Pharmacology, Toxicology and Pharmaceutics
"
"Gholizadeh, Fatemeh","54881407500","9","Biochemistry, Genetics and Molecular Biology
Medicine
Environmental Science
Immunology and Microbiology
Pharmacology, Toxicology and Pharmaceutics
Agricultural and Biological Sciences
"
"Ghayem, Maysa","57210414578","1","Medicine
Pharmacology, Toxicology and Pharmaceutics
Biochemistry, Genetics and Molecular Biology
"
"Etaati, H.","35729973700","1","Medicine
"
"Ebrahimzadeh, Hadis","57249346300","1","Medicine
Nursing
"
"Gadami, F.","55930430500","1","Immunology and Microbiology
"
"Tamaddon, Paria","57225032312","1","Pharmacology, Toxicology and Pharmaceutics
"
"Raffi, R.","6602574469","1","Medicine
"
"Hormozi, Asef","56072770700","3","Biochemistry, Genetics and Molecular Biology
Medicine
Neuroscience
"
"Rashno, Sajjad","57210172393","2","Medicine
Pharmacology, Toxicology and Pharmaceutics
Neuroscience
"
"Qasem, Asgari","56509278500","2","Biochemistry, Genetics and Molecular Biology
"
"Rahnama, Susan","57189249591","1","Medicine
"
"Keshavarz, Somaye","57188768135","4","Medicine
Neuroscience
Pharmacology, Toxicology and Pharmaceutics
","0000-0001-9397-4821"
"Rezaeimehr, Mohammad Reza","56957300100","5","Medicine
Immunology and Microbiology
Biochemistry, Genetics and Molecular Biology
","0000-0001-9223-4418"
"Alishavandi, Mostafa","57210214278","1","Medicine
"
"Eslami, Erfan","57224004674","1","Medicine
Biochemistry, Genetics and Molecular Biology
"
"Karimi, Zinat","57221726783","2","Medicine
"
"Beigomi, Leila","55886165400","1","Medicine
"
"Razavizadegan, Seyyed Ahmad","57194244396","2","Immunology and Microbiology
"
"Dallaki, Manoochehr","57428560500","1","Medicine
"
"Ezzatabadi, Aida","57222017272","1","Medicine
"
"Najafzadeh, Shiva","57202057344","2","Medicine
"
"Haghighi, Golbahar","6503968459","1","Biochemistry, Genetics and Molecular Biology
Materials Science
Immunology and Microbiology
"
"Kamali-Sarvestani, E.","8675763400","89","Medicine
Immunology and Microbiology
Biochemistry, Genetics and Molecular Biology
Pharmacology, Toxicology and Pharmaceutics
Neuroscience
Psychology
Chemistry
Materials Science
Chemical Engineering
Agricultural and Biological Sciences
"
"Safaei, Fatemeh","57205120621","1","Medicine
"
"Bazyar, Mina","57224451311","1","Multidisciplinary
"
"Zeinali, Leila","57195994695","1","Medicine
"
"Fouladivanda, Zohreh","56422465200","1","Medicine
"
"Yazdanparast, Sayed Reza","57204157095","1","Medicine
"
"Beizavi, Zahra","57205144805","7","Medicine
Biochemistry, Genetics and Molecular Biology
Immunology and Microbiology
Pharmacology, Toxicology and Pharmaceutics
Agricultural and Biological Sciences
"
"Hakshanash, M.","6505676477","1","Medicine
Biochemistry, Genetics and Molecular Biology
"
"Babaei, Z.","57222740010","1","Immunology and Microbiology
Veterinary
Pharmacology, Toxicology and Pharmaceutics
"
"Molaei, M.","57222739268","1","Immunology and Microbiology
Pharmacology, Toxicology and Pharmaceutics
Veterinary
"
"Bazargani, Abdollah","36995325300","44","Medicine
Biochemistry, Genetics and Molecular Biology
Immunology and Microbiology
Pharmacology, Toxicology and Pharmaceutics
Chemistry
Engineering
Psychology
Dentistry
Multidisciplinary
Chemical Engineering
Agricultural and Biological Sciences
","0000-0001-6430-0596"
"Zareinejad, Mohammadrasul","57218124800","5","Medicine
Biochemistry, Genetics and Molecular Biology
Immunology and Microbiology
Pharmacology, Toxicology and Pharmaceutics
","0000-0001-5457-2707"
"Kashkooli, Nima Rahimi","57224081918","1","Medicine
Neuroscience
"
"Azarang, Eqlima","57219146001","1","Immunology and Microbiology
Medicine
"
"Karimzadeh, Sara","57219411203","2","Medicine
Immunology and Microbiology
","0000-0003-2325-652X"
"Bahmani, Hamidreza","57222045525","1","Medicine
"
"Shaffi, M.","55302561500","1","Medicine
"
"Shojaee, Maryam","57221377382","1","Medicine
Immunology and Microbiology
Biochemistry, Genetics and Molecular Biology
Pharmacology, Toxicology and Pharmaceutics
Psychology
"
"Khanlari, Maryam","23466721100","1","Medicine
"
"Aryan, Arefeh","57038715700","4","Medicine
Biochemistry, Genetics and Molecular Biology
Immunology and Microbiology
Pharmacology, Toxicology and Pharmaceutics
"
"Emad, Maryam","23993523200","11","Medicine
Biochemistry, Genetics and Molecular Biology
"
"Tababai, M.","6504349377","1","Medicine
"
"Aghamajidi, J.","15130475300","1","Medicine
"
"Asl, Mohammad Kazem Hosseini","57060192900","4","Medicine
Biochemistry, Genetics and Molecular Biology
"
"Bokaee, Hamid Reza","25921897500","2","Medicine
Biochemistry, Genetics and Molecular Biology
Pharmacology, Toxicology and Pharmaceutics
"
"Vesal, Abdolkarim","56226794100","1","Medicine
Neuroscience
"
"Masoomi, Samaneh","57194141227","1","Medicine
"
"Mahbudi, Laleh","57190395375","1","Medicine
Biochemistry, Genetics and Molecular Biology
"
"Zaraei, Marzieh","57210927782","3","Immunology and Microbiology
Medicine
Veterinary
"
"Farazmand, Forough","57220083900","1","Medicine
Immunology and Microbiology
"
"Nasab, A. Hashemi","57191452542","1","Medicine
"
"Ranjbarfarrokhi, Ratin","57221460387","2","Multidisciplinary
"
"Mostaghni, Setareh","37070847000","1","Immunology and Microbiology
Medicine
Biochemistry, Genetics and Molecular Biology
"
"Aminiazad, Fatemeh","57220056529","1","Medicine
Physics and Astronomy
Health Professions
"
"Talebi, Roghayeh","57202986185","1","Medicine
"
"Jamali, Mohammad","53984346200","8","Medicine
Agricultural and Biological Sciences
Biochemistry, Genetics and Molecular Biology
","0000-0001-8391-9175"
"Jafari Khorchani, Majid","57212274271","2","Biochemistry, Genetics and Molecular Biology
Medicine
Agricultural and Biological Sciences
"
"Nematollahi, Parastoo","56035872300","2","Medicine
Immunology and Microbiology
"
"Setayesh, Sepideh","57189304477","7","Medicine
Biochemistry, Genetics and Molecular Biology
"
"Rayatpisheh, Sh H.","12808132100","1","Agricultural and Biological Sciences
Veterinary
"
"Abdollahi, Kourosh","57195961575","2","Biochemistry, Genetics and Molecular Biology
Medicine
Chemistry
"
"Perota, Ghazale","57215680726","3","Medicine
Physics and Astronomy
Health Professions
Pharmacology, Toxicology and Pharmaceutics
"
"Momeni, Behrooz","57222718596","2","Medicine
"
"Farrokhnia, Farnaz","55346137600","3","Medicine
"
"Zolghadr, Z.","6506303298","2","Medicine
"
"Parhizkari, Masoumeh","37052645700","2","Immunology and Microbiology
Medicine
"
"Mostafavi, S. H.","57196626091","1","Medicine
Health Professions
"
"Homayoon, Hamideh","57220320877","1","Environmental Science
"
"Karimazar, Mohammadreza R.","57191358431","11","Medicine
Immunology and Microbiology
Agricultural and Biological Sciences
Biochemistry, Genetics and Molecular Biology
Veterinary
"
"Abedini, Mohammad R.","57211600699","1","Veterinary
"
"Rozbehani, Hossain","57094189900","1","Immunology and Microbiology
Medicine
"
"Kavosh, Ali Muhammad","57210815103","1","Medicine
"
"Zare, Najaf","57220422255","1","Medicine
"
"Salles, K. Shahid","57204379515","1","Biochemistry, Genetics and Molecular Biology
"
"Hedayati, Seyyed Bozorgmehr","57191896267","1","Medicine
"
"Dahaghani, Alamtaj Samsami","57194164545","1","Pharmacology, Toxicology and Pharmaceutics
"
"Haghighi, Arash","57191431847","1","Medicine
"
"Zohreh, Bagheri","57212395188","1","Biochemistry, Genetics and Molecular Biology
Pharmacology, Toxicology and Pharmaceutics
"
"Tadbiri, M.","6504415818","1","Medicine
"
"Masoud, Haghani","57188804164","1","Engineering
Pharmacology, Toxicology and Pharmaceutics
"
"Taheri, Raheleh","56330129900","2","Pharmacology, Toxicology and Pharmaceutics
Environmental Science
"
"Mohammadinejad, Azita","14025814800","1","Medicine
"
"Tehrani, Mohammad Reza Hossein","57216311010","2","Medicine
Nursing
"
"Zarrabi, M.","57198319122","1","Medicine
Biochemistry, Genetics and Molecular Biology
"
"Kheradmand, Ebrahim","57219157112","1","Medicine
Nursing
"
"Daryani, Said M.","7801626507","1","Medicine
"
"Sharifi, Yosef","56206384700","4","Medicine
Immunology and Microbiology
Veterinary
"
"Goodarzi, Roghayeh","57211073229","1","Medicine
"
"Dahesh, S.","56419792700","1","Medicine
"
"Aazami, Mehdi","55683151200","1","Agricultural and Biological Sciences
Biochemistry, Genetics and Molecular Biology
"
"Khastkhodaei, Maryam","57211607099","1","Medicine
"
"Mostafa, Shidmosavi","55339114300","1","Medicine
"
"Faghihi, E.","6503857924","1","Medicine
"
"Bostanian, Pardis","57280934200","2","Medicine
Psychology
Biochemistry, Genetics and Molecular Biology
"
"Nowrozi, Mojtaba","57210207730","1","Medicine
"
"Mashhoodi, T.","16031461100","1","Pharmacology, Toxicology and Pharmaceutics
"
"Jafarzadeh, A. R.","26659949700","1","Medicine
"
"Kaheh, Amir","57210298144","1","Medicine
Immunology and Microbiology
"
"Askary, Elham","57131188100","13","Medicine
Pharmacology, Toxicology and Pharmaceutics
Biochemistry, Genetics and Molecular Biology
Engineering
Agricultural and Biological Sciences
"
"Beddayat, G. R.","6505874588","3","Medicine
Biochemistry, Genetics and Molecular Biology
"
"Hadaegh, M. D.","6504273026","1","Medicine
Immunology and Microbiology
"
"Abdollahpour, Maryam","57225136778","1","Medicine
Pharmacology, Toxicology and Pharmaceutics
"
"Manesh, Hossein Yousefi","57192238609","1","Environmental Science
Social Sciences
Nursing
Medicine
Health Professions
"
"Tanaomi, Delara","57418154500","1","Medicine
"
"Zaree, Reza","57211084549","2","Medicine
"
"Imani, M.","57198393900","1","Medicine
Immunology and Microbiology
"
"Ghaffarpour, Amir Hossein","57193613711","1","Medicine
"
"Zare, Mani","56112204700","1","Immunology and Microbiology
Medicine
"
"Naghibalhossaini, Samaneh","56685840500","1","Biochemistry, Genetics and Molecular Biology
Medicine
"
"Abbasi-Sarvak, Saeed","57193820268","1","Medicine
Immunology and Microbiology
"
"Hayati, Kamran","35784250400","2","Medicine
"
"Honari, S.","6602220504","1","Medicine
Biochemistry, Genetics and Molecular Biology
"
"Ahmadi, Maryam","57195027383","1","Medicine
"
"Ashori, Raheleh","37035762700","1","Medicine
Pharmacology, Toxicology and Pharmaceutics
"
"Kaveh, Marzieh","57204457985","1","Medicine
Biochemistry, Genetics and Molecular Biology
"
"Ahmad, Ghanizadeh","56273188400","1","Medicine
"
"Shasaeefar, Alireza","57218440160","1","Medicine
"
"Baseri, Akbari","57210128234","1","Multidisciplinary
"
"Shekarkhar, Mohammad Javad","56148151800","1","Medicine
Biochemistry, Genetics and Molecular Biology
"
"Sadat, Tabatabaei Zahra","57368811400","1","Medicine
"
"Houshmand, Soodabeh","24466252600","1","Medicine
"
"Saberifirouzi, Mehdi","22958894500","1","Medicine
"
"Saraf, Zahra","6508356915","6","Medicine
Biochemistry, Genetics and Molecular Biology
"
"Shakeri, Ali Akbar","57193710840","4","Immunology and Microbiology
Medicine
Biochemistry, Genetics and Molecular Biology
Pharmacology, Toxicology and Pharmaceutics
"
"Gandomi, M.","35721930600","1","Medicine
"
"Zarifi, M.","57212882277","3","Veterinary
Agricultural and Biological Sciences
"
"Mahloudji, Mohsen","6603753042","31","Medicine
Biochemistry, Genetics and Molecular Biology
Mathematics
Agricultural and Biological Sciences
Neuroscience
Arts and Humanities
Decision Sciences
Chemical Engineering
"
"Javad, Seyed Mohammad","57221084837","1","Medicine
"
"Hoseini, Seyed Mohammad","57210589097","2","Medicine
Neuroscience
"
"Heidari, Emad","53063819200","2","Medicine
"
"Pishva, Nahid","57226406231","1","Medicine
Pharmacology, Toxicology and Pharmaceutics
"
"Pasand, Aghdas Poost","56105670800","1","Veterinary
"
"Mehrabani, Kamran","56786328800","5","Medicine
Mathematics
Environmental Science
Decision Sciences
"
"Gholami, Mina","57220532913","1","Medicine
Immunology and Microbiology
Biochemistry, Genetics and Molecular Biology
Pharmacology, Toxicology and Pharmaceutics
Psychology
"
"Kaviani, Massud J.","8628239700","3","Medicine
Pharmacology, Toxicology and Pharmaceutics
"
"Mehrabani-Zeinabad, Kamran","57202425863","4","Mathematics
Medicine
Immunology and Microbiology
Multidisciplinary
Biochemistry, Genetics and Molecular Biology
Psychology
"
"Ebrahimi, Soheila","56806472300","3","Medicine
Biochemistry, Genetics and Molecular Biology
"
"Saffarrian, Arash","57225078508","2","Medicine
"
"Mehrpour, Manizheh","57203897215","2","Medicine
Pharmacology, Toxicology and Pharmaceutics
"
"Amirzadegan, Hamideh","57217130406","1","Biochemistry, Genetics and Molecular Biology
"
"Shafiepoor, Hamid","6507584173","3","Medicine
Health Professions
Biochemistry, Genetics and Molecular Biology
"
"Sotoude, Narges","57202388573","1","Medicine
"
"Fallahi, Sara","56080435800","3","Medicine
Biochemistry, Genetics and Molecular Biology
"
"Adelian, Roholla","56737034200","2","Medicine
"
"Dehghani, Alamtaj Samsami","56194162500","2","Medicine
"
"Soleymani, Fatemeh","57224012008","1","Medicine
Immunology and Microbiology
Biochemistry, Genetics and Molecular Biology
Pharmacology, Toxicology and Pharmaceutics
Psychology
"
"Yousefian, Marziyeh","16178346700","1","Medicine
"
"Zolghadri, Jaleh","56996247700","2","Medicine
"
"Mozafari, Masoud","56500191900","5","Pharmacology, Toxicology and Pharmaceutics
Medicine
Agricultural and Biological Sciences
"
"Parhizgar, Abbas","6505816811","1","Medicine
"
"Bandarizadeh, B.","7801342042","4","Medicine
"
"Fakhroddin, Naghibalhosseini","55339408800","1","Medicine
"
"Alamolhoda, Marzieh","57195574572","7","Medicine
Biochemistry, Genetics and Molecular Biology
"
"Ghasemi, Farnoush","57220084635","1","Medicine
Immunology and Microbiology
"
"Namian, Ali Mohammad","24922014500","1","Medicine
"
"Yousefi, Majid","57208245416","1","Medicine
Biochemistry, Genetics and Molecular Biology
"
"Hajimonfarednejad, Mahdie","57191625617","6","Medicine
Pharmacology, Toxicology and Pharmaceutics
Nursing
"
"Rahimi, Abbas","36904014600","1","Medicine
Neuroscience
"
"Naghibalhossaini, Fakhraddin","6506251777","47","Biochemistry, Genetics and Molecular Biology
Medicine
Immunology and Microbiology
Pharmacology, Toxicology and Pharmaceutics
Agricultural and Biological Sciences
Chemical Engineering
Chemistry
Nursing
Engineering
Psychology
Neuroscience
"
"Faghihinezhad, Sajad","57216966538","1","Medicine
Biochemistry, Genetics and Molecular Biology
"
"Razmjoian, Feraidon","55374407100","1","Medicine
"
"Karami, Mohammad","57338771800","1","Medicine
"
"Mohammadi, J.","57220342613","1","Chemistry
Biochemistry, Genetics and Molecular Biology
Environmental Science
"
"Arabizadeh, Elham","57208620502","3","Medicine
Pharmacology, Toxicology and Pharmaceutics
"
"Emami, Asrin","57217635189","2","Engineering
Materials Science
Medicine
Biochemistry, Genetics and Molecular Biology
"
"Sobhani, A. R.","6602315416","1","Medicine
"
"Bahrami, Zahra","57204841288","16","Neuroscience
Medicine
","0000-0002-5376-400X"
"Mortazavi, S. H.","36888628000","1","Medicine
Biochemistry, Genetics and Molecular Biology
"
"Moasser, Alireza","57204511815","1","Medicine
Biochemistry, Genetics and Molecular Biology
Agricultural and Biological Sciences
Immunology and Microbiology
"
"Rahmani-Moghadam, Ebrahim","57221171341","3","Medicine
Materials Science
Engineering
Chemistry
Health Professions
"
"Baghban, Fahim","56306465900","3","Medicine
Immunology and Microbiology
"
"Jalai, Abdol Reza","6504336955","1","Veterinary
"
"Karimi, Milad","57216642952","3","Health Professions
Medicine
Chemical Engineering
Physics and Astronomy
"
"Amini, Elham","56152282100","2","Medicine
"
"Hammick, J. W.","6506283122","2","Medicine
Immunology and Microbiology
"
"Bahrami, Amir","57220505521","1","Medicine
"
"Yavari, Vahideh","9844398700","4","Medicine
Biochemistry, Genetics and Molecular Biology
Pharmacology, Toxicology and Pharmaceutics
"
"Azmoon, Mina","36092470000","1","Medicine
"
"Radmanesh, Salma","57200937515","2","Medicine
"
"Damghani, Fatemeh","57216980656","3","Medicine
"
"Dar, S.","7004594653","1","Medicine
"
"Dehghani-Firouzabadi, Azimeh","57218885543","1","Medicine
"
"Taheri, Reza","57214979320","7","Medicine
Biochemistry, Genetics and Molecular Biology
"
"Rastegarian, Mohammad","57203309835","8","Medicine
Immunology and Microbiology
Biochemistry, Genetics and Molecular Biology
"
"Tavazo, M.","57204935246","1","Medicine
"
"GholamReza, Hatam","57209256897","1","Immunology and Microbiology
Medicine
"
"Fazeli, Pooria","57221499221","3","Medicine
Immunology and Microbiology
Pharmacology, Toxicology and Pharmaceutics
Biochemistry, Genetics and Molecular Biology
"
"Mousaei, Nashmin","57203654043","1","Immunology and Microbiology
Medicine
Pharmacology, Toxicology and Pharmaceutics
"
"Rezaie, Sedigheh","57263216500","1","Medicine
Immunology and Microbiology
"
"Hosseinkhani, Aida","57203061249","1","Medicine
"
"Sohrabi, Maryam","57203527277","2","Medicine
Biochemistry, Genetics and Molecular Biology
"
"Asadi, Najmeh","55387345200","2","Medicine
"
"Bahmani Bohloli, Hamid Reza","57203062332","1","Medicine
"
"Jangjou, Ali","57211471851","11","Medicine
Environmental Science
Biochemistry, Genetics and Molecular Biology
Pharmacology, Toxicology and Pharmaceutics
Materials Science
Chemistry
Engineering
Physics and Astronomy
Chemical Engineering
","0000-0002-7882-5024"
"Golmoghaddam, Hossein","36805927500","20","Medicine
Biochemistry, Genetics and Molecular Biology
Immunology and Microbiology
Pharmacology, Toxicology and Pharmaceutics
"
"Elham, Rastegar Moghaddam Nosrati","57368844900","1","Medicine
"
"Dastgheib, Mona","56156332500","6","Medicine
Biochemistry, Genetics and Molecular Biology
Neuroscience
Immunology and Microbiology
Multidisciplinary
Pharmacology, Toxicology and Pharmaceutics
"
"Esmaeilzadeh, Hossein","55520330000","45","Medicine
Immunology and Microbiology
Biochemistry, Genetics and Molecular Biology
Pharmacology, Toxicology and Pharmaceutics
","0000-0003-0288-8181"
"Tabibi, Narjes","40262603100","4","Medicine
Immunology and Microbiology
Pharmacology, Toxicology and Pharmaceutics
Biochemistry, Genetics and Molecular Biology
Psychology
"
"Liaghat, Saeed","36632470000","1","Medicine
"
"Neisy, Asma","57212268371","2","Biochemistry, Genetics and Molecular Biology
Agricultural and Biological Sciences
Medicine
"
"Haghighi, Lida K.","6601993080","16","Medicine
Immunology and Microbiology
"
"Roshanak, B.","6505754726","1","Medicine
Neuroscience
"
"Khorasani, M.","57197477019","1","Medicine
"
"Mehrmozayan, Azam","57245660700","1","Medicine
"
"Pirsalami, Fatemeh","57427233000","1","Chemistry
Chemical Engineering
Biochemistry, Genetics and Molecular Biology
Pharmacology, Toxicology and Pharmaceutics
Computer Science
"
"Soltani, Maryam","57254963900","1","Medicine
"
"Eghlidospoor, Mahsa","57204435514","1","Medicine
"
"Moosavi, H.","57214488571","1","Medicine
Biochemistry, Genetics and Molecular Biology
"
"Noorafshan, Ali","6507577851","137","Medicine
Biochemistry, Genetics and Molecular Biology
Pharmacology, Toxicology and Pharmaceutics
Agricultural and Biological Sciences
Immunology and Microbiology
Neuroscience
Veterinary
Psychology
Nursing
Physics and Astronomy
Materials Science
Chemistry
Earth and Planetary Sciences
Mathematics
Dentistry
","0000-0003-1082-011X"
"Arshadi, Cyrus","16548966300","2","Medicine
Biochemistry, Genetics and Molecular Biology
"
"Khodajarim, S.","57235836200","1","Medicine
"
"Khodakarim, Soheila","49963780700","109","Medicine
Environmental Science
Biochemistry, Genetics and Molecular Biology
Social Sciences
Engineering
Pharmacology, Toxicology and Pharmaceutics
Health Professions
Agricultural and Biological Sciences
Immunology and Microbiology
Earth and Planetary Sciences
Nursing
Psychology
Chemical Engineering
Multidisciplinary
Chemistry
","0000-0002-5473-999X"
"Ardehali, Sadreddine M.","6701464593","24","Medicine
Immunology and Microbiology
Biochemistry, Genetics and Molecular Biology
Pharmacology, Toxicology and Pharmaceutics
Psychology
"
"Maroofi, Aram","57217107421","1","Biochemistry, Genetics and Molecular Biology
Medicine
Chemical Engineering
"
"Mohammad-Ebrahim, H.","57195562546","1","Medicine
Immunology and Microbiology
"
"Forbes, Anne P.","7203066749","1","Medicine
Social Sciences
"
"Zamani, Ali","57203423326","1","Medicine
"
"Jahromi, Bahia Namavar","57288465700","1","Biochemistry, Genetics and Molecular Biology
Immunology and Microbiology
"
"Alipour, Saeideh","57203431180","1","Medicine
"
"Alfrasiabi, K.","6504159979","1","Agricultural and Biological Sciences
Medicine
"
"Zeighami, Elaine","6602133166","13","Medicine
Social Sciences
Biochemistry, Genetics and Molecular Biology
Mathematics
Decision Sciences
"
"Aslani, Ar","57220380085","1","Medicine
"
"Bagheri, Shekufeh","57203679789","1","Medicine
"
"Bahrami, Sobhan","56366624200","2","Medicine
"
"Ghalavandi, M.","57219534326","1","Neuroscience
"
"Poorgholam, Foroogh","57097519800","1","Medicine
"
"Asadilari, Maysam","57194177009","1","Medicine
Biochemistry, Genetics and Molecular Biology
"
"Ghadimi, Shamsi Noorpisheh","57209108305","4","Immunology and Microbiology
Medicine
Pharmacology, Toxicology and Pharmaceutics
"
"Seddighi, E.","57210046010","1"
"Doust, J. Y.","57207540842","1","Medicine
Chemical Engineering
"
"Jamali, Hossein","55402986900","14","Medicine
Neuroscience
","0000-0003-2946-2199"
"Ardehali, Sadreddin M.","56360214900","6","Medicine
Immunology and Microbiology
"
"Davari, Sabereh","57204331541","1","Medicine
"
"Khorsand, Marjan","56320343100","11","Medicine
Biochemistry, Genetics and Molecular Biology
Pharmacology, Toxicology and Pharmaceutics
Environmental Science
Agricultural and Biological Sciences
Chemistry
Dentistry
Neuroscience
"
"Koushesh, F.","6504367627","1","Biochemistry, Genetics and Molecular Biology
"
"Pournadeali, E.","6505847806","2","Medicine
Engineering
"
"Bose, R.","7101769195","1","Medicine
"
"Gholamzadeh, Mohammad Javad","57219619638","1","Medicine
Neuroscience
"
"Borhanmanesh, Fathali","6602378394","9","Medicine
"
"Bani-Hashemi, A.","6602418514","1","Medicine
Biochemistry, Genetics and Molecular Biology
"
"Moradi, F.","57219651530","2","Medicine
Immunology and Microbiology
"
"Gholami, Mohammad Amin","57218861780","1","Medicine
"
"Zamani, Somaye","57195758278","1","Medicine
Biochemistry, Genetics and Molecular Biology
"
"Shabankareh, Firozeh","57220930155","1","Medicine
"
"Bagheri, Hadi","57198279494","1","Medicine
Biochemistry, Genetics and Molecular Biology
"
"Gaffari, Maryam","57402883500","1","Physics and Astronomy
Engineering
"
"Ghoreishi, Parissa Sadat","56968174900","3","Medicine
"
"Khorramzadeh, E.","6507538271","2","Arts and Humanities
Medicine
Psychology
"
"Mohammadpour, Iraj","54684693400","19","Medicine
Immunology and Microbiology
Biochemistry, Genetics and Molecular Biology
Veterinary
"
"Shahrokhi, Movahed","57219158296","1","Medicine
"
"Yazdani, Mohammad Reza","57202229935","2","Health Professions
Social Sciences
Pharmacology, Toxicology and Pharmaceutics
"
"Samadi, Naser","56394211000","6","Medicine
Immunology and Microbiology
Biochemistry, Genetics and Molecular Biology
Pharmacology, Toxicology and Pharmaceutics
"
"Jahromi, Mohammad Saeed Gharaati","57225105672","1","Health Professions
Medicine
Social Sciences
"
"Abounajmi, Mohammad","57212093329","1","Medicine
"
"Bahmanzadegan, F.","57164864700","1","Medicine
Health Professions
Chemical Engineering
"
"Jahanmir, Armaghan","57428547100","1","Medicine
"
"Khosravi, Mohammad Hadi","57210697159","2","Medicine
Biochemistry, Genetics and Molecular Biology
"
"Dehbashi, Sedigheh","6602537931","18","Medicine
Immunology and Microbiology
Pharmacology, Toxicology and Pharmaceutics
Biochemistry, Genetics and Molecular Biology
Psychology
"
"Zare, Razie","57224605574","1","Medicine
"
"Golchini, Alireza","57201447685","2","Medicine
Biochemistry, Genetics and Molecular Biology
"
"Raeyat, Mohammedreza","55863700100","1","Medicine
"
"Abdulwahid Hashim Alkhalidi, Batool","57222496156","1","Medicine
"
"Javadi, Sara","57223239197","1","Medicine
Psychology
"
"Keramati, Pegah","40261695600","4","Medicine
Biochemistry, Genetics and Molecular Biology
"
"Ardekani, M. S.","6603217499","1","Medicine
"
"Bolandgray, Abbas","6506284898","4","Medicine
"
"Khoubyar, K.","6506363135","2","Medicine
Immunology and Microbiology
"
"Aflaki, Kh","57210122506","1","Medicine
"
"Tavakoli, M. J.","7006152456","1","Medicine
"
"Akbari, Ali","57222540800","20","Medicine
Immunology and Microbiology
Pharmacology, Toxicology and Pharmaceutics
Biochemistry, Genetics and Molecular Biology
Neuroscience
Environmental Science
Multidisciplinary
Psychology
"
"Dastan, Naghmeh","57219965432","1","Medicine
"
"Hambarsoomian, B.","7801346454","2","Medicine
Biochemistry, Genetics and Molecular Biology
"
"Panah, Mohammad Ali Davar","57226521017","1","Medicine
Immunology and Microbiology
"
"Hashemi, Syeed Mohammad","57190392950","1","Medicine
"
"Khairandish, M. H.","6504050494","1","Medicine
"
"Jafari, Farzaneh","57219659031","2","Medicine
Immunology and Microbiology
Biochemistry, Genetics and Molecular Biology
"
"Esphehani, F. N.","6504434157","1","Medicine
Biochemistry, Genetics and Molecular Biology
"
"Mosaddeghi, Pouria","57202424552","9","Medicine
Biochemistry, Genetics and Molecular Biology
Immunology and Microbiology
Pharmacology, Toxicology and Pharmaceutics
Mathematics
Multidisciplinary
Agricultural and Biological Sciences
"
"Ziyaee, Fateme","57201795797","3","Medicine
Neuroscience
Biochemistry, Genetics and Molecular Biology
"
"Jones, P. H.","57220828311","1","Medicine
"
"Fathi, N.","57188846618","1","Medicine
Immunology and Microbiology
Biochemistry, Genetics and Molecular Biology
Pharmacology, Toxicology and Pharmaceutics
Psychology
"
"Akbrialiabad, Hossein","57220049602","1","Pharmacology, Toxicology and Pharmaceutics
"
"Haghpanah Aski, Mostaan","57192544962","1","Medicine
","0000-0002-3878-5902"
"Kooti, Sara","56768048100","2","Medicine
Immunology and Microbiology
Biochemistry, Genetics and Molecular Biology
","0000-0001-8153-4239"
"Fatehpoor, Faranak","57195959423","1","Medicine
"
"Davani, Farideh","57217685683","3","Biochemistry, Genetics and Molecular Biology
Materials Science
Chemical Engineering
Pharmacology, Toxicology and Pharmaceutics
Engineering
"
"Zarabian, B.","6504598429","1","Biochemistry, Genetics and Molecular Biology
"
"Zohalinezhad, Mohammad Ebrahim","57194963934","11","Medicine
Biochemistry, Genetics and Molecular Biology
Arts and Humanities
Neuroscience
","0000-0002-5538-8247"
"Saffarshahroodi, Aniseh","57225892004","2","Medicine
Health Professions
"
"Kaboodkhani, Reza","23035111200","9","Medicine
Economics, Econometrics and Finance
Pharmacology, Toxicology and Pharmaceutics
Neuroscience
","0000-0002-2754-2884"
"Memari, Soghra","57204162295","1","Medicine
"
"Mohammadzadeh-K, Ali A.","24603897800","4","Biochemistry, Genetics and Molecular Biology
Agricultural and Biological Sciences
Medicine
"
"Khalili, Tahereh","57226521010","1","Medicine
Immunology and Microbiology
"
"Khajeh, Atefeh","57211678876","1","Medicine
Social Sciences
"
"Rahimi, Hamidreza M.","55181143400","9","Immunology and Microbiology
Medicine
"
"Hosseini, Seyed Mojtaba","56040795100","21","Biochemistry, Genetics and Molecular Biology
Medicine
Neuroscience
Dentistry
Engineering
"
"Mostafavi, Habibollah","57189014438","6","Medicine
Immunology and Microbiology
Biochemistry, Genetics and Molecular Biology
Pharmacology, Toxicology and Pharmaceutics
Psychology
"
"Moughali, Maryam","57204155308","1","Medicine
"
"Mortazavee, Hossein","6504484588","1","Medicine
"
"Sharbatialaei, Mohammadreza","16640199500","1","Medicine
"
"Arabpour, Mohsen","57209452359","2","Immunology and Microbiology
Medicine
Biochemistry, Genetics and Molecular Biology
"
"Motavas, Maedeh","57208060530","2","Medicine
"
"Rahimi, Alireza","57200005198","2","Medicine
"
"Shadzi, Mohammad Reza","57215721946","3","Medicine
Immunology and Microbiology
Psychology
","0000-0002-8903-1625"
"Motazedian, Mohammad Hossein","11939324500","107","Medicine
Immunology and Microbiology
Veterinary
Agricultural and Biological Sciences
Biochemistry, Genetics and Molecular Biology
Pharmacology, Toxicology and Pharmaceutics
Chemical Engineering
Environmental Science
"
"Rasoulpanah, Minoo","56257420200","2","Medicine
Immunology and Microbiology
Pharmacology, Toxicology and Pharmaceutics
Biochemistry, Genetics and Molecular Biology
Psychology
Neuroscience
"
"Vedadinezhad, Bahareh","57188821488","1","Medicine
"
"Abootalebi, Seyedeh Narjes","57396742800","1","Medicine
"
"Shirazi, Pegah Mohammad Zadeh","57297468800","1","Medicine
"
"Bakhtiyrizadeh, Sahar","57200046745","1","Medicine
Biochemistry, Genetics and Molecular Biology
"
"Dehghani, Andishe","57259290100","1","Medicine
Health Professions
Biochemistry, Genetics and Molecular Biology
"
"Purkhosrow, Azar","55082033900","5","Medicine
Chemistry
Pharmacology, Toxicology and Pharmaceutics
"
"Pashoutan, Sajedeh","57189657889","1","Medicine
Immunology and Microbiology
Pharmacology, Toxicology and Pharmaceutics
"
"Sharifi Hossaini, K.","6507364603","1","Medicine
"
"Bahraminia, Sahar","57193385304","2","Medicine
Biochemistry, Genetics and Molecular Biology
"
"Asgari, Qasem","13410265600","83","Medicine
Immunology and Microbiology
Veterinary
Pharmacology, Toxicology and Pharmaceutics
Agricultural and Biological Sciences
Biochemistry, Genetics and Molecular Biology
Environmental Science
Social Sciences
Chemical Engineering
","0000-0002-7945-2370"
"Moravej, Hossein","55534601900","34","Medicine
Nursing
Biochemistry, Genetics and Molecular Biology
Social Sciences
Neuroscience
","0000-0002-8435-8039"
"Behbehani, A. B.","7004920375","1","Immunology and Microbiology
Medicine
"
"Sabet-Sarvestani, F.","57211874601","1","Medicine
Immunology and Microbiology
Pharmacology, Toxicology and Pharmaceutics
Biochemistry, Genetics and Molecular Biology
Psychology
"
"Nasab, Masood Moosavi","57220380283","1","Nursing
"
"Pirzad, Razieh","57204048058","1","Medicine
Immunology and Microbiology
"
"Zarinjooee, H.","7801455236","1","Medicine
"
"Najafi, Masoud","57427066100","1","Biochemistry, Genetics and Molecular Biology
"
"Moemen, Tuba","25930518500","1","Medicine
"
"Bahreini, Mohammad Saleh","57201254231","10","Medicine
Immunology and Microbiology
"
"Navabi, Shahriar","7801637266","1","Medicine
"
"Namdaran, F.","57220325674","1","Medicine
"
"Poostpasand, Aghdas","15137067100","2","Medicine
Immunology and Microbiology
Pharmacology, Toxicology and Pharmaceutics
Biochemistry, Genetics and Molecular Biology
Psychology
"
"Robinson, L.","55426952500","1","Medicine
"
"Rabiei, Negin","57299432800","1","Pharmacology, Toxicology and Pharmaceutics
Biochemistry, Genetics and Molecular Biology
"
"Mohammad Kazem Hosseini-Asl","57222654593","1","Medicine
"
"Assaee, Mehdi","6504004781","1","Medicine
"
"Griffiths, W. A.D.","57225452783","1","Medicine
"
"Kargar, Behnam","57223051263","1","Medicine
"
"Aboughadare, Hanie","57282511200","1","Medicine
"
"Moghadam, Marzieh Eslami","57394444500","1","Medicine
"
"Taj, Sommaye Hamzehie","54414847900","2","Medicine
Biochemistry, Genetics and Molecular Biology
"
"Fani, M.","6507476307","1","Medicine
Immunology and Microbiology
"
"Modjtahedi, Ebrahim","17344064100","1","Medicine
Biochemistry, Genetics and Molecular Biology
"
"Zarei Jelyani, Najmeh","57368573300","1","Medicine
"
"Edjtehadi, Majid","6602364558","13","Veterinary
Medicine
Pharmacology, Toxicology and Pharmaceutics
Biochemistry, Genetics and Molecular Biology
Agricultural and Biological Sciences
"
"Layegh Gigloo, Akram","57202307843","3","Immunology and Microbiology
Medicine
Agricultural and Biological Sciences
Veterinary
"
"Milani, Mehrad Peyrovi","54585742700","1","Medicine
"
"Kiani, Mahsa","57204260988","6","Medicine
Social Sciences
"
"Zarrin, Kh","6506505799","4","Veterinary
Agricultural and Biological Sciences
Medicine
Biochemistry, Genetics and Molecular Biology
"
"Malihi, Reza","6505706204","6","Medicine
Nursing
Pharmacology, Toxicology and Pharmaceutics
Agricultural and Biological Sciences
Biochemistry, Genetics and Molecular Biology
"
"Mozafari, M.","6602992046","1","Medicine
Biochemistry, Genetics and Molecular Biology
"
"Omidi, A.","6507843664","1","Medicine
Mathematics
Decision Sciences
Biochemistry, Genetics and Molecular Biology
"
"Shams, Seyedeh Fatemeh","57202394283","2","Medicine
Health Professions
Chemical Engineering
"
"Gholamali, Y. P.","6504023269","1","Medicine
Neuroscience
"
"Mohammad, Motamedifar","57368744300","1","Medicine
"
"Gharamaleki, Maryam Vasaghi","57219621326","1","Medicine
Neuroscience
"
"Mahmoodi, Elham","57221306655","1","Medicine
"
"Borji, Mohammad","57189577625","6","Biochemistry, Genetics and Molecular Biology
Medicine
Pharmacology, Toxicology and Pharmaceutics
Agricultural and Biological Sciences
"
"Taghizadeh, Hajar","57194708246","4","Medicine
Biochemistry, Genetics and Molecular Biology
Immunology and Microbiology
"
"Mortazavi, A. R.","36627491600","3","Medicine
Chemical Engineering
Environmental Science
Pharmacology, Toxicology and Pharmaceutics
"
"Shorafa, Eslam","55917385900","12","Medicine
Environmental Science
Materials Science
Biochemistry, Genetics and Molecular Biology
Nursing
","0000-0002-8416-586X"
"Naderi, Shahrokh","7007123899","7","Medicine
"
"Mura, Elaine L.","6601907143","2","Medicine
Environmental Science
"
"Mokarram, Pooneh","24470305200","88","Biochemistry, Genetics and Molecular Biology
Medicine
Pharmacology, Toxicology and Pharmaceutics
Chemical Engineering
Chemistry
Immunology and Microbiology
Agricultural and Biological Sciences
Engineering
Computer Science
Earth and Planetary Sciences
Health Professions
Materials Science
Neuroscience
Environmental Science
Psychology
","0000-0002-9717-0473"
"Darzi, Hadi","8721368900","1","Medicine
"
"Phishdad, Gholamreza","57203534082","1","Medicine
"
"Dehghani, Gholam Abbas","6603033161","37","Medicine
Biochemistry, Genetics and Molecular Biology
Pharmacology, Toxicology and Pharmaceutics
Immunology and Microbiology
Psychology
Neuroscience
Agricultural and Biological Sciences
"
"Piran, Azadeh","56817981300","1","Medicine
Biochemistry, Genetics and Molecular Biology
"
"Saeb, Saeedeh","57193569528","5","Medicine
Health Professions
Biochemistry, Genetics and Molecular Biology
Chemical Engineering
"
"Javadi, Kasra","57219658415","2","Immunology and Microbiology
Medicine
Biochemistry, Genetics and Molecular Biology
"
"Mohebzadeh, Farnoosh","57216938226","1","Biochemistry, Genetics and Molecular Biology
Medicine
"
"Askarpour, Mohammad Reza","57204874298","6","Medicine
"
"Yazdi, Naghmeh","57214782438","2","Medicine
Health Professions
Nursing
","0000-0001-5261-861X"
"Kamali, Fatemeh","57216884649","1","Health Professions
Social Sciences
Pharmacology, Toxicology and Pharmaceutics
"
"Keshavarzi, Elahe","57212382349","1","Medicine
"
"Namdari, G.","55559263800","2","Medicine
Chemical Engineering
Pharmacology, Toxicology and Pharmaceutics
Environmental Science
"
"Sadri, S.","6602801719","1","Medicine
Biochemistry, Genetics and Molecular Biology
"
"Marjani, F.","6504107314","1","Medicine
Social Sciences
"
"Parsaeyan, Hamid","16834094800","1","Medicine
Pharmacology, Toxicology and Pharmaceutics
Psychology
"
"Dehshahri, Shahdab","57272639200","1","Medicine
"
"Kardeh, Sina","55883739600","13","Medicine
Multidisciplinary
Biochemistry, Genetics and Molecular Biology
Pharmacology, Toxicology and Pharmaceutics
Nursing
"
"Hosseini-Marvast, Seyed Rouhollah","57216981901","4","Medicine
Arts and Humanities
"
"Tabebordbar, Maryam","57204450162","2","Medicine
Biochemistry, Genetics and Molecular Biology
"
"Gahderi, Abbas","57204477860","1","Immunology and Microbiology
"
"Araste, Julia Maryam","35329128900","2","Immunology and Microbiology
"
"Haqparast, Somayyeh","37017252400","3","Biochemistry, Genetics and Molecular Biology
Medicine
"
"Motamedi, Maryam","57337322100","1","Medicine
"
"McCutcheon, Rob S.","7003663009","19","Pharmacology, Toxicology and Pharmaceutics
Environmental Science
Biochemistry, Genetics and Molecular Biology
"
"Shahrabadi, Zahra Zare","57209582761","5","Medicine
Immunology and Microbiology
Pharmacology, Toxicology and Pharmaceutics
"
"Makarempour, Alireza","35956522300","5","Medicine
Biochemistry, Genetics and Molecular Biology
Dentistry
"
"Bagheri, Jafar","57202682294","3","Biochemistry, Genetics and Molecular Biology
Pharmacology, Toxicology and Pharmaceutics
Immunology and Microbiology
Materials Science
Chemical Engineering
Chemistry
Psychology
Neuroscience
"
"Sedaghat, A.","57220473671","1","Medicine
Immunology and Microbiology
"
"Yeganehdoust, Jalal","6505602333","1","Medicine
"
"Sarbaraninan, Mohadeseh","57420450800","1","Psychology
"
"Mohebbi, Maryam","57225105463","1","Medicine
"
"Momeni, Fatemeh","57203876913","1","Medicine
"
"Ata-Ee, Negar","6504311443","1","Biochemistry, Genetics and Molecular Biology
"
"Alimi, Abbas","16833335300","1","Medicine
Pharmacology, Toxicology and Pharmaceutics
Psychology
"
"Karami, Fatemeh","57366115100","1","Physics and Astronomy
Materials Science
"
"Ansari, Leila","57225438238","1","Medicine
"
"Nahal, Hadi","57226521053","1","Medicine
Immunology and Microbiology
"
"Ayatolahi, M.","36505858300","1","Medicine
Mathematics
Decision Sciences
Biochemistry, Genetics and Molecular Biology
"
"Navidomidifar","57218877030","1","Medicine
"
"Siddiqui, I. H.","7006050232","1","Medicine
"
"Nath, Amaresh","55431628500","1","Medicine
"
"Bagher Tabei, S. M.","57405463200","1","Medicine
"
"Ahsant, Samaneh","56817982600","2","Medicine
Biochemistry, Genetics and Molecular Biology
"
"Jafarinodoushan, Mohammad","57218881769","1","Medicine
"
"Ghaeminia, M.","15135544600","1","Medicine
Immunology and Microbiology
Biochemistry, Genetics and Molecular Biology
Pharmacology, Toxicology and Pharmaceutics
Psychology
"
"Mahmoodazdeh, Amir","57218765561","2","Biochemistry, Genetics and Molecular Biology
Immunology and Microbiology
Pharmacology, Toxicology and Pharmaceutics
"
"Sanaye, Mohammad Reza","57192115529","6","Medicine
Arts and Humanities
Dentistry
"
"Abbasi, Samaneh","57280723900","1","Medicine
Social Sciences
"
"Mohsen, Khosravi Maharlooei","55675233800","1","Medicine
"
"Mousavi, Seyed Mahmoud","57417724200","1","Medicine
Immunology and Microbiology
"
"Azizi, Mohammad Ali","56116780500","1","Medicine
Immunology and Microbiology
"
"Mortazavi, Seyed Ali Reza","56049565300","55","Medicine
Environmental Science
Health Professions
Chemical Engineering
Biochemistry, Genetics and Molecular Biology
Engineering
Neuroscience
Earth and Planetary Sciences
Pharmacology, Toxicology and Pharmaceutics
Physics and Astronomy
Immunology and Microbiology
Dentistry
Chemistry
Computer Science
"
"Bahrani, Maryam","57221193239","1","Medicine
Neuroscience
"
"Moattari, Afagh","16304932800","60","Medicine
Immunology and Microbiology
Biochemistry, Genetics and Molecular Biology
Pharmacology, Toxicology and Pharmaceutics
Psychology
Multidisciplinary
Environmental Science
Engineering
Agricultural and Biological Sciences
Chemistry
Arts and Humanities
Mathematics
Health Professions
Physics and Astronomy
Materials Science
Chemical Engineering
","0000-0003-4394-9622"
"Reza Jahadi, Seyed Hamid","56148170000","1","Medicine
Biochemistry, Genetics and Molecular Biology
"
"Fardaei, Majid","6507637439","47","Medicine
Biochemistry, Genetics and Molecular Biology
Immunology and Microbiology
Pharmacology, Toxicology and Pharmaceutics
Neuroscience
Psychology
Social Sciences
Nursing
"
"Mahmoodian, Farzad","56366659800","1","Medicine
","0000-0001-7296-136X"
"Haghighi, P.","57213996961","1","Medicine
"
"Hosseini-Bereshneh, Ali","57191291028","6","Biochemistry, Genetics and Molecular Biology
Medicine
Immunology and Microbiology
Neuroscience
"
"Emami, Mehdi","57207931912","3","Medicine
Biochemistry, Genetics and Molecular Biology
Immunology and Microbiology
Health Professions
"
"Eslami, Gholamreza","57408663500","1","Medicine
Neuroscience
"
"Abbasi, Ali","57219014788","6","Biochemistry, Genetics and Molecular Biology
Medicine
Immunology and Microbiology
Nursing
Chemical Engineering
"
"Kholdi, Soudeh","56364327500","5","Medicine
Biochemistry, Genetics and Molecular Biology
"
"Babaeian, Masroor","57258250200","1","Medicine
"
"Alavian-Ghavanini, M. R. A.","18835004000","11","Medicine
Biochemistry, Genetics and Molecular Biology
Health Professions
"
"Mehrabian, Emadodin","57195279107","2","Biochemistry, Genetics and Molecular Biology
"
"Niknam, Lila","56806985800","1","Medicine
"
"Alborzi, Mehrnoosh","14057648900","9","Medicine
"
"Bakhtiyarizadeh, Sahar","57208013645","1","Medicine
Biochemistry, Genetics and Molecular Biology
"
"Zimmer, S. P.","7103302544","4","Medicine
Social Sciences
"
"Nouri, S. Z.","55330471300","1","Medicine
"
"Choobineh, M.","57201942274","1","Agricultural and Biological Sciences
Immunology and Microbiology
"
"Zamani, Fahimeh","53878821800","5","Biochemistry, Genetics and Molecular Biology
Medicine
"
"Ashraf, Hamide","57204527048","3","Medicine
"
"Sorati, Elmira","57225039727","1","Pharmacology, Toxicology and Pharmaceutics
"
"Amini, Afshin","54681660600","23","Medicine
Biochemistry, Genetics and Molecular Biology
Immunology and Microbiology
Pharmacology, Toxicology and Pharmaceutics
Psychology
Agricultural and Biological Sciences
","0000-0002-5057-9319"
"Mobasser, A.","57224260041","1","Medicine
"
"Shafaf, Mohammad Reza","56517009300","1","Biochemistry, Genetics and Molecular Biology
"
"Rabiei, Nikta","57224773835","4","Medicine
Biochemistry, Genetics and Molecular Biology
Pharmacology, Toxicology and Pharmaceutics
"
"Seif, Iran","34972121100","2","Medicine
"
"Akhzari, Morteza","57203896311","3","Medicine
Pharmacology, Toxicology and Pharmaceutics
"
"Rezaei, Zahra","57217776426","1","Medicine
Pharmacology, Toxicology and Pharmaceutics
"
"Jahanshahi, Sh","7409688749","1","Medicine
"
"Atarzadeh, Fatemeh","56487893600","9","Medicine
Health Professions
Pharmacology, Toxicology and Pharmaceutics
Nursing
"
"Cohanim, N.","6506761965","5","Medicine
Immunology and Microbiology
Biochemistry, Genetics and Molecular Biology
"
"Rajaei, Majdadin","57217104099","3","Medicine
Nursing
"
"Mahmoudi, Abdolreza","57189303708","6","Social Sciences
Health Professions
Pharmacology, Toxicology and Pharmaceutics
Medicine
Immunology and Microbiology
Chemical Engineering
Biochemistry, Genetics and Molecular Biology
","0000-0001-5159-0758"
"Fazel-Hoseini, Seyed Mostafa","57220857701","2","Biochemistry, Genetics and Molecular Biology
Immunology and Microbiology
Pharmacology, Toxicology and Pharmaceutics
Medicine
Neuroscience
"
"Bajelan, Sara","57218559129","2","Medicine
Immunology and Microbiology
"
"Rezashah, Hasanein","54879419600","1","Medicine
"
"Shakiba-Jam, Fatemeh","57056426000","1","Medicine
Biochemistry, Genetics and Molecular Biology
"
"Shah-Rookh, Farrokh Dehdashti","6504725461","1","Medicine
"
"Sehat, Mahsa","57245976500","1","Medicine
"
"Nabi, S. S.","55330749800","1","Medicine
"
"Eqbali, S.","6504701277","1","Medicine
Biochemistry, Genetics and Molecular Biology
"
"Karimzadeh, Sahar","57195760628","1","Medicine
Biochemistry, Genetics and Molecular Biology
"
"Fathazam, Reza","57224769324","2","Pharmacology, Toxicology and Pharmaceutics
Biochemistry, Genetics and Molecular Biology
"
"Morovati, Hamid","56974450700","10","Medicine
Biochemistry, Genetics and Molecular Biology
Pharmacology, Toxicology and Pharmaceutics
Immunology and Microbiology
Health Professions
","0000-0002-3569-0035"
"Aazam, Maryam Fath","8443548100","1","Pharmacology, Toxicology and Pharmaceutics
"
"Chawhan, Aziz R.","7801313290","6","Medicine
Social Sciences
"
"Shahamat, Mahmoud","57192389245","1","Medicine
Pharmacology, Toxicology and Pharmaceutics
"
"Rokni-Hosseini, Mohammad Hossein","57202338108","1","Medicine
"
"Ale-Booyeh, Oreineb","34968918000","1","Biochemistry, Genetics and Molecular Biology
"
"Shaghasemi, S.","35730563000","1","Medicine
"
"Sedaghat, Masoomeh","36341483800","1","Medicine
"
"Hosseini, Saeed Malek","57217360041","1","Medicine
"
"Damyanov, I.","54889353000","1","Medicine
"
"Sharifi, Mehrdad","57197609629","6","Medicine
"
"Modabber, Vahideh","57194243724","2","Immunology and Microbiology
"
"Hosseini, Mahsa","56663864600","2","Neuroscience
Medicine
Pharmacology, Toxicology and Pharmaceutics
"
"Davoodi, Tahereh","57223139275","2","Environmental Science
Immunology and Microbiology
Medicine
"
"Abdi, Ali","57209136805","2","Medicine
Immunology and Microbiology
Biochemistry, Genetics and Molecular Biology
"
"Sharifi, Vahidreza","57194050192","1","Medicine
"
"Makarem, Emile H.","6602292236","7","Medicine
Immunology and Microbiology
Biochemistry, Genetics and Molecular Biology
Mathematics
Decision Sciences
"
"Nouri, Narjes","57376429800","1","Medicine
"
"Yalda, Malekzadegan","57368777400","1","Medicine
"
"Golriz, Hossein","57219388820","1","Medicine
"
"Asemani, Omid","23972499100","10","Medicine
Arts and Humanities
Social Sciences
Computer Science
Chemistry
Immunology and Microbiology
Pharmacology, Toxicology and Pharmaceutics
Psychology
Biochemistry, Genetics and Molecular Biology
"
"Mansoori, Somayeh","56641262800","2","Medicine
"
"Malekmohammadi, Fariba","56041320800","1","Dentistry
"
"Fathi, Javad","57205887154","20","Biochemistry, Genetics and Molecular Biology
Medicine
Immunology and Microbiology
Earth and Planetary Sciences
Environmental Science
Pharmacology, Toxicology and Pharmaceutics
Engineering
Health Professions
Chemical Engineering
Multidisciplinary
Chemistry
","0000-0002-8323-7833"
"Nekooeian, Ali Akbar","6603144872","53","Medicine
Biochemistry, Genetics and Molecular Biology
Pharmacology, Toxicology and Pharmaceutics
Immunology and Microbiology
Psychology
Chemistry
Agricultural and Biological Sciences
Neuroscience
Nursing
Veterinary
","0000-0001-5643-245X"
"Hatamnejad, Mohammad Reza","57223297786","4","Medicine
"
"Manoucheri, Reza","56716393500","1","Medicine
"
"Taleinezhad, Nastaran","57224009767","1","Medicine
"
"Esfandiari, Farideh","57070205600","10","Medicine
Immunology and Microbiology
Pharmacology, Toxicology and Pharmaceutics
Biochemistry, Genetics and Molecular Biology
"
"Hamedi, Mahboobeh","57222492570","1","Medicine
"
"Gheshlaghi, Abolfazl","57225996601","1","Medicine
"
"Ostovari, Mohsen","56372402900","5","Chemical Engineering
Health Professions
Medicine
Neuroscience
Physics and Astronomy
Engineering
","0000-0003-2335-9123"
"Keykhaee, Z.","57208723607","1","Physics and Astronomy
Chemistry
Biochemistry, Genetics and Molecular Biology
Chemical Engineering
"
"Doohandeh, T.","57193697782","1","Health Professions
Medicine
"
"Hosseini, Sakineh","57217161937","1"
"Ectftehadi, M.","57194909851","1","Agricultural and Biological Sciences
Veterinary
"
"Saeed, Malek Hosseini","57219398878","1","Medicine
"
"Vafazadeh, Sina","57211461323","1","Immunology and Microbiology
Medicine
Health Professions
Biochemistry, Genetics and Molecular Biology
"
"Azizi, Bahador","57218891522","1","Medicine
"
"Ghasemi, H.","57198064397","1","Immunology and Microbiology
Medicine
"
"Javid, Zahra","56968220000","1","Medicine
Psychology
"
"Hemmati-Dinarvand, Mohsen","57195776772","17","Medicine
Biochemistry, Genetics and Molecular Biology
Neuroscience
Pharmacology, Toxicology and Pharmaceutics
Immunology and Microbiology
Nursing
Chemical Engineering
Agricultural and Biological Sciences
"
"Erfanizadeh, Mahboobeh","56188546900","7","Medicine
Biochemistry, Genetics and Molecular Biology
Agricultural and Biological Sciences
Neuroscience
"
"Foroush, Sima Poost","57216888177","1","Health Professions
Social Sciences
Pharmacology, Toxicology and Pharmaceutics
"
"Dastsouz, Hasan","57193527729","1","Medicine
"
"Rizvi, Mehid Muntazer","53870680500","1","Medicine
"
"Khosravi, M.","57219311506","1","Medicine
Health Professions
Chemical Engineering
"
"Hafizi-Rastani, Iman","57191588014","1","Medicine
Health Professions
Nursing
"
"Hasanabadi, Ali Sadeghi","7801320228","1","Medicine
"
"Shoaee, Shima","57224007331","1","Medicine
"
"Zabihi, Shahrbanoo","57218956241","1","Neuroscience
"
"Asadollahpour, Ardalan","57220157537","1","Multidisciplinary
"
"Samiee, Ehsan","57203684244","1","Medicine
"
"Tahamtan, Maryam","55875205600","9","Medicine
Immunology and Microbiology
Biochemistry, Genetics and Molecular Biology
Pharmacology, Toxicology and Pharmaceutics
Psychology
"
"Totonchi, Alireza","56244292100","2","Medicine
"
"Nadimi Parashkouhi, Sadra","57221167761","1","Immunology and Microbiology
Medicine
Pharmacology, Toxicology and Pharmaceutics
"
"Shenavar, Mohamad Reza","57193266466","1","Medicine
"
"Reza Mohareri, M.","6504789493","1","Medicine
Biochemistry, Genetics and Molecular Biology
"
"Chawghan, A. R.","56360184900","1","Medicine
Social Sciences
"
"Al-Adeeb, N. T.","14424018600","1","Medicine
"
"Zarei, Mohmmad Reza","55980146200","1","Medicine
Immunology and Microbiology
Pharmacology, Toxicology and Pharmaceutics
Biochemistry, Genetics and Molecular Biology
Psychology
"
"Hojati, Abolfazl","53871268000","1","Neuroscience
Medicine
"
"Rostami, Jamshid","17135939300","1","Medicine
"
"Jamalian, Nima","16444845800","5","Medicine
Biochemistry, Genetics and Molecular Biology
"
"Omarie, M.","6504298449","1","Medicine
"
"Asadi, Mahdieh","57197733664","1","Medicine
"
"Vahedi, Razieh","57207941746","1","Medicine
"
"Hoseini, Ghasem","56548938100","1","Medicine
Immunology and Microbiology
"
"Karjoo, Manouchehr","55396714600","2","Medicine
Arts and Humanities
Biochemistry, Genetics and Molecular Biology
Mathematics
Decision Sciences
"
"Tarokh, Amir","57208819045","1","Biochemistry, Genetics and Molecular Biology
"
"Akbari, Somayeh","57222388123","3","Neuroscience
Biochemistry, Genetics and Molecular Biology
Medicine
"
"Raoofat, Atefeh","57249346200","2","Medicine
Health Professions
Nursing
Biochemistry, Genetics and Molecular Biology
"
"Zarrabi, M.","7003918470","1","Medicine
"
"Galehdari, Mohhamad Reza","26021753700","1","Medicine
Nursing
Social Sciences
"
"Taherian Fard, M.","6505453630","1","Medicine
"
"Raafat, J.","57190656860","1","Medicine
"
"Khodadadi, Hossein","36767846400","21","Medicine
Immunology and Microbiology
Environmental Science
Pharmacology, Toxicology and Pharmaceutics
Engineering
Health Professions
Biochemistry, Genetics and Molecular Biology
Agricultural and Biological Sciences
Veterinary
","0000-0001-9507-8764"
"Khazaee, Sahel","57215785514","1","Medicine
Biochemistry, Genetics and Molecular Biology
"
"Aminbaig, Maria","6505673134","1","Medicine
Immunology and Microbiology
"
"Pourshahid, Seyedmohammad","57191200646","3","Medicine
Immunology and Microbiology
Biochemistry, Genetics and Molecular Biology
","0000-0001-7003-4941"
"Nejat, Arsalan","57188874887","1","Medicine
"
"Caravan, Dorsa","57226434039","1","Pharmacology, Toxicology and Pharmaceutics
"
"Mohallatee, Ekmal A.","6507698891","8","Medicine
Biochemistry, Genetics and Molecular Biology
Chemical Engineering
"
"Hashemi, Seyed","57221265501","1","Medicine
"
"Asghari, Ali","57204913900","16","Medicine
Immunology and Microbiology
Biochemistry, Genetics and Molecular Biology
Agricultural and Biological Sciences
Veterinary
Environmental Science
Pharmacology, Toxicology and Pharmaceutics
","0000-0002-4005-2687"
"Diyaleh, Mariye","57223901468","1","Immunology and Microbiology
Medicine
"
"Nouraei, Hasti","55360408900","17","Medicine
Immunology and Microbiology
Biochemistry, Genetics and Molecular Biology
Environmental Science
Agricultural and Biological Sciences
Pharmacology, Toxicology and Pharmaceutics
Health Professions
Engineering
Veterinary
Multidisciplinary
"
"Amirahmadi, Fereshte","57194532256","2","Medicine
"
"Sheikholeslami, M. H.","55609565900","1","Medicine
Biochemistry, Genetics and Molecular Biology
"
"Fatemi Esfedan, Asieh","57192690954","1","Medicine
Immunology and Microbiology
"
"Hossein, Motazedian Mohammad","56509264500","1","Biochemistry, Genetics and Molecular Biology
"
"Eimani, M. T.","56147830200","1","Medicine
Biochemistry, Genetics and Molecular Biology
"
"Alborzi, Saeed","57113782100","64","Medicine
Biochemistry, Genetics and Molecular Biology
Pharmacology, Toxicology and Pharmaceutics
Immunology and Microbiology
Psychology
","0000-0001-6274-0088"
"Hosseinzadeh, Masood","57314278800","1","Medicine
"
"Keyvan, Pakshir","55339197800","1","Medicine
"
"Fekri, Maysam","55912603000","1","Medicine
"
"Honardar, Zohreh","6506775244","6","Biochemistry, Genetics and Molecular Biology
Medicine
Immunology and Microbiology
Pharmacology, Toxicology and Pharmaceutics
Chemical Engineering
Engineering
Psychology
"
"Namavar, Mohammad Reza","8592979800","47","Medicine
Neuroscience
Biochemistry, Genetics and Molecular Biology
Pharmacology, Toxicology and Pharmaceutics
Agricultural and Biological Sciences
Veterinary
Health Professions
Immunology and Microbiology
Psychology
Physics and Astronomy
","0000-0002-6635-2717"
"Birang, Nafise","57225083670","1","Pharmacology, Toxicology and Pharmaceutics
"
"Mansoori, Ehsan","56366831300","1","Neuroscience
Pharmacology, Toxicology and Pharmaceutics
Biochemistry, Genetics and Molecular Biology
"
"Dastgheib, Sanaz","57160531300","18","Biochemistry, Genetics and Molecular Biology
Medicine
Immunology and Microbiology
Chemical Engineering
Agricultural and Biological Sciences
Chemistry
Earth and Planetary Sciences
Pharmacology, Toxicology and Pharmaceutics
Engineering
Psychology
Materials Science
Neuroscience
Computer Science
","0000-0001-8553-9221"
"Moradiyan, Eisa","57220043421","1","Medicine
"
"Ranjbar, Zeinab","56565174900","2","Medicine
Immunology and Microbiology
Biochemistry, Genetics and Molecular Biology
Pharmacology, Toxicology and Pharmaceutics
Psychology
"
"Ghanbarzadeh, Kurosh","15022098300","1","Immunology and Microbiology
"
"Heshmati, Mohammad","57436944900","1","Medicine
"
"Cheraghi, Ahmad","57194154718","1","Medicine
Pharmacology, Toxicology and Pharmaceutics
Psychology
"
"Hashemi, Seyed Hamzeh","57061857800","1","Medicine
"
"Taherpour, Sanaz","57237295800","2","Medicine
"
"Ajami, Gholam Hussein","57375971000","1","Medicine
"
"Dorvash, Mohammadreza","57191359031","10","Biochemistry, Genetics and Molecular Biology
Medicine
Pharmacology, Toxicology and Pharmaceutics
Mathematics
Immunology and Microbiology
Multidisciplinary
Agricultural and Biological Sciences
Computer Science
Neuroscience
","0000-0002-1935-9625"
"Nazarpour, Zohre","57220033866","1","Medicine
"
"Owrang, Marzieh","57220833319","2","Medicine
Biochemistry, Genetics and Molecular Biology
"
"Banihashemi, Abolchassem","55412962000","5","Medicine
"
"Balouchi-Anaraki, Sima","57211663844","2","Medicine
Biochemistry, Genetics and Molecular Biology
"
"Razeghian, M.","57208939200","1","Medicine
"
"Saeedi, Sara","57358108900","1","Medicine
"
"Fathi, Mina","37103795300","1","Medicine
Biochemistry, Genetics and Molecular Biology
"
"Hadadi, Mahtab","57193928195","9","Medicine
Biochemistry, Genetics and Molecular Biology
Immunology and Microbiology
Pharmacology, Toxicology and Pharmaceutics
"
"Razavizadegan, S. Mohammad Ali","55836342800","1","Neuroscience
Medicine
"
"Farjami, Mohammad","57216343561","2","Medicine
"
"Azadi, Amir","57224108352","1","Physics and Astronomy
Chemistry
Chemical Engineering
Computer Science
"
"Khorraminejad‑Shirazi, Mohammadhossein","57224439723","1","Multidisciplinary
"
"Homayoon, Leila","57210264544","1","Medicine
Immunology and Microbiology
"
"Saffar Shahroodi, Aniseh","57208656152","1","Medicine
Health Professions
"
"Dowlatshahi, Ehsan","57394611500","1","Medicine
Biochemistry, Genetics and Molecular Biology
"
"Valipour, Ali Asghar","57356255200","1","Biochemistry, Genetics and Molecular Biology
"
"Nakhlparvar, Newsha","56811471800","1","Neuroscience
"
"Rasouli-Emadi, Soheila","57216919923","1","Medicine
"
"Jamali, Navid","57206470154","10","Medicine
Biochemistry, Genetics and Molecular Biology
Pharmacology, Toxicology and Pharmaceutics
Nursing
Environmental Science
Chemistry
Health Professions
"
"Hayat-Davoudi, G. H.","6505686666","1","Medicine
"
"Sedaghat, A.","36730450700","2","Medicine
"
"Afsar, Firozeh","57338354700","1","Medicine
"
"Farivar, Siroos","6602227629","1","Medicine
"
"Shahamir Tabatabaei, Z.","57211500555","1","Medicine
Biochemistry, Genetics and Molecular Biology
Pharmacology, Toxicology and Pharmaceutics
"
"Farsiani, Mohamadreza R.","55991145800","3","Medicine
"
"Farazifard, Mohammad A.","57222019974","1","Biochemistry, Genetics and Molecular Biology
"
"Moradi, S. Robert","36777973400","1","Medicine
Social Sciences
"
"Khoramzadeh, Maryam","57207569922","1","Medicine
Pharmacology, Toxicology and Pharmaceutics
"
"Shekarkhar, Golsa","23568396300","13","Medicine
Biochemistry, Genetics and Molecular Biology
Pharmacology, Toxicology and Pharmaceutics
Immunology and Microbiology
Health Professions
Psychology
Dentistry
","0000-0002-4033-8992"
"Rashidi Zarandi, A.","57210106934","1","Medicine
"
"Razavizadegan, Mohammad A.","57194195690","1","Medicine
"
"Sabouri, Samaneh","57211921844","4","Medicine
Biochemistry, Genetics and Molecular Biology
"
"Bayat, Elahe","57193263394","4","Medicine
Biochemistry, Genetics and Molecular Biology
Agricultural and Biological Sciences
Pharmacology, Toxicology and Pharmaceutics
"
"Yaghoobi, Kambiz","57191858270","4","Immunology and Microbiology
Medicine
Veterinary
"
"Heydari, Amir Arsalan","57414621600","1","Medicine
"
"Poya, Mohammad Reza Haghighi","57212867226","1","Medicine
Biochemistry, Genetics and Molecular Biology
"
"Bahrani, H.","57073685000","1","Medicine
"
"Amin, Habibi","57219097734","1","Computer Science
Social Sciences
"
"Tahari, Mahdi","57212112137","1","Medicine
"
"Seyedi, Keyvan","57216962778","1","Medicine
Biochemistry, Genetics and Molecular Biology
"
"Zarrabi, Mohammad Amin","56659276400","1","Medicine
"
"Mahmoudzadeh, Amir","57353179900","1","Medicine
Biochemistry, Genetics and Molecular Biology
"
"Jooyan, Najmeh","55414194500","9","Pharmacology, Toxicology and Pharmaceutics
Physics and Astronomy
Biochemistry, Genetics and Molecular Biology
Agricultural and Biological Sciences
Medicine
Materials Science
Chemistry
Environmental Science
Engineering
"
"Salouti, R.","6508334141","37","Medicine
Neuroscience
Health Professions
Biochemistry, Genetics and Molecular Biology
Immunology and Microbiology
Pharmacology, Toxicology and Pharmaceutics
Psychology
","0000-0002-5853-4799"
"Ahmadi, Mojtaba","57210564148","2","Medicine
Biochemistry, Genetics and Molecular Biology
"
"Mohamadpour, Masoomeh","55043787800","6","Medicine
Biochemistry, Genetics and Molecular Biology
Pharmacology, Toxicology and Pharmaceutics
"
"Karamitalab, M.","55705214200","1","Medicine
"
"Haem, Elham","55787963200","8","Medicine
Biochemistry, Genetics and Molecular Biology
Pharmacology, Toxicology and Pharmaceutics
Immunology and Microbiology
Psychology
","0000-0003-3349-8135"
"Banani, Seyyed Javad","57217456398","1","Medicine
"
"Adlband, Mojtaba","57194279961","1","Medicine
Biochemistry, Genetics and Molecular Biology
"
"Akhavein, Mahshad","57188721111","3","Multidisciplinary
Pharmacology, Toxicology and Pharmaceutics
"
"Mohallattee, M.","6504025876","1","Medicine
Chemical Engineering
"
"Dabestani, Ali","56671962200","1","Medicine
"
"Bolouki, Ayeh","57194972071","5","Medicine
Environmental Science
Biochemistry, Genetics and Molecular Biology
Pharmacology, Toxicology and Pharmaceutics
"
"Tavana, Zohreh","24779084900","17","Medicine
Biochemistry, Genetics and Molecular Biology
Immunology and Microbiology
Pharmacology, Toxicology and Pharmaceutics
Chemistry
Psychology
","0000-0002-3920-1673"
"Fereshteh, Masoodi","56487806600","2","Medicine
"
"Rahmani-Kukia, Nasim","57204089423","5","Chemistry
Biochemistry, Genetics and Molecular Biology
Medicine
Pharmacology, Toxicology and Pharmaceutics
Immunology and Microbiology
Chemical Engineering
Computer Science
"
"Farsi, Samaneh","57427603200","1","Environmental Science
"
"Mazlumi-Abrazgah, Shokroallah","57370093800","1","Medicine
"
"Dastgheib, A.","57368944800","1","Medicine
"
"Rezaee, Solmaz","56942317900","1","Medicine
"
"Pakniat, A.","41762357300","1","Medicine
"
"Rahnama, Vahid","57223113981","3","Immunology and Microbiology
Pharmacology, Toxicology and Pharmaceutics
"
"Dayaghi, Mahdieh","16232968100","2","Agricultural and Biological Sciences
Medicine
Dentistry
"
"Barati, Elham","57318564000","1","Medicine
Pharmacology, Toxicology and Pharmaceutics
"
"Saidi, Mohadesatosadat","55601539200","1","Medicine
Biochemistry, Genetics and Molecular Biology
"
"Naghshzan, Amir","36919137100","15","Medicine
","0000-0001-7647-178X"
"Falamaki, Maryam Naz","24398737800","1","Medicine
"
"Kharazi, Mahboobeh","47461293700","5","Medicine
Immunology and Microbiology
Biochemistry, Genetics and Molecular Biology
"
"Kherad, M.","57224258131","1","Agricultural and Biological Sciences
Veterinary
"
"Nekoee, A.","23035910300","1","Medicine
"
"Mehr, Ali Parvizi","57202955501","1","Pharmacology, Toxicology and Pharmaceutics
Materials Science
Biochemistry, Genetics and Molecular Biology
Chemical Engineering
Chemistry
"
"Salmasi, Sadegh","57188662337","1","Medicine
Biochemistry, Genetics and Molecular Biology
"
"Karami, Forough","36813780500","6","Pharmacology, Toxicology and Pharmaceutics
Chemistry
Medicine
Immunology and Microbiology
Biochemistry, Genetics and Molecular Biology
Chemical Engineering
Health Professions
"
"Janabadi, S.","57219655118","1","Medicine
Immunology and Microbiology
"
"Udvarhelyi, B.","6503975397","1","Medicine
"

"© 2022 Elsevier B.V. All rights reserved. Scopus ® is a registered trademark of Elsevier Properties S.A., used under license."